0.0 0.0007565346319536027
2.490842490842491 0.00013642623611916546
4.981684981684982 0.0002874160111631433
7.472527472527473 0.0014299603883852097
9.963369963369964 0.00428968578968997
12.454212454212454 0.0025974504391126346
14.945054945054945 0.0038250555209910332
17.435897435897438 0.0013406094961590845
19.926739926739927 0.001433150720483426
22.417582417582416 0.002186916443523896
24.90842490842491 0.0002788020093161264
27.3992673992674 0.00037681007531799174
29.89010989010989 0.0007855888642304904
32.38095238095238 0.0009092556211863001
34.871794871794876 0.0010007058755230043
37.362637362637365 0.0011935059830828984
39.853479853479854 0.0013356066932436084
42.34432234432234 0.001245191245830189
44.83516483516483 0.0015172816026481966
47.32600732600733 0.0009325867288960863
49.81684981684982 0.0006528884160422364
52.30769230769231 0.0011212166093889997
54.7985347985348 0.00044027087371768125
57.28937728937729 0.0005174456794382966
59.78021978021978 0.00124864302049895
62.27106227106227 0.0010146942134756803
64.76190476190476 0.001579955135772913
67.25274725274726 0.0016069044315272568
69.74358974358975 0.0012704379443301194
72.23443223443223 0.0011886887962728615
74.72527472527473 0.0018027187872998248
77.21611721611721 0.0017733020655952344
79.70695970695971 0.0019051061926983652
82.1978021978022 0.0027401176943996765
84.68864468864469 0.0029467880461825293
87.17948717948718 0.003038064773654263
89.67032967032966 0.0032996961669414545
92.16117216117216 0.005008974274999532
94.65201465201466 0.005868925665979525
97.14285714285714 0.004481047064860477
99.63369963369964 0.005219879958861645
102.12454212454213 0.006279885071617869
104.61538461538461 0.006463834875740027
107.10622710622711 0.003748424631480531
109.5970695970696 0.0033248118189923926
112.08791208791209 0.004530221876014503
114.57875457875458 0.004399000984313815
117.06959706959707 0.0021226518402870658
119.56043956043956 0.004878420919262477
122.05128205128206 0.006540466274625679
124.54212454212454 0.0036135386765489648
127.03296703296704 0.002994108637604678
129.52380952380952 0.007144912252799131
132.01465201465203 0.005024965741945653
134.5054945054945 0.002446346435981911
136.996336996337 0.00856625700938171
139.4871794871795 0.009782991769126106
141.97802197802199 0.006885130089051513
144.46886446886447 0.007989925598512233
146.95970695970695 0.011479684222299108
149.45054945054946 0.011503856223574424
151.94139194139194 0.008016266378153687
154.43223443223442 0.009455558619014525
156.92307692307693 0.012746263864712965
159.41391941391942 0.010358142946571752
161.9047619047619 0.007265124087512698
164.3956043956044 0.009038726620396498
166.8864468864469 0.011158264776589967
169.37728937728937 0.006226629643222168
171.86813186813188 0.005134959047308861
174.35897435897436 0.00789684410515021
176.84981684981685 0.00679753676868534
179.34065934065933 0.002785607193896858
181.83150183150184 0.0031345864119155047
184.32234432234432 0.003590744419719729
186.8131868131868 0.0034717254199510437
189.3040293040293 0.0041619275177843355
191.7948717948718 0.005989555554783886
194.28571428571428 0.002798554766128254
196.7765567765568 0.0006720810302194286
199.26739926739927 0.0025469251086522415
201.75824175824175 0.0032807778205466353
204.24908424908426 0.004815693098498901
206.73992673992674 0.003734795357252427
209.23076923076923 0.004446796692697668
211.72161172161174 0.0012620793169360793
214.21245421245422 0.006754317336106956
216.7032967032967 0.006179886916641218
219.1941391941392 0.005813679447647563
221.6849816849817 0.008181687959800467
224.17582417582418 0.005139978647700606
226.66666666666666 0.009940040995619494
229.15750915750917 0.003724190093128924
231.64835164835165 0.00778667603774205
234.13919413919413 0.005806359573039044
236.63003663003664 0.002661575733860496
239.12087912087912 0.004831041913203021
241.6117216117216 0.010347354465453635
244.10256410256412 0.005961479109267729
246.5934065934066 0.003838157204020069
249.08424908424908 0.004746072929558069
251.5750915750916 0.00850027557274208
254.06593406593407 0.0070502665393057775
256.5567765567766 0.0093468691877463
259.04761904761904 0.0111059946482454
261.53846153846155 0.015535974661223589
264.02930402930406 0.005561110161823906
266.5201465201465 0.0077640591584412
269.010989010989 0.014391345946030445
271.50183150183153 0.014293294944035315
273.992673992674 0.0070037051763807935
276.4835164835165 0.0050644894676554145
278.974358974359 0.0036747090424126003
281.46520146520146 0.0018314493663595176
283.95604395604397 0.0008256313949746576
286.4468864468864 0.004979043155599324
288.93772893772893 0.004275467702350623
291.42857142857144 0.005513542873040466
293.9194139194139 0.005165117701023997
296.4102564102564 0.013193131437889517
298.9010989010989 0.006947168954200339
301.3919413919414 0.002803093407589506
303.8827838827839 0.004864576429325865
306.3736263736264 0.00896790130708196
308.86446886446885 0.007947071471575425
311.35531135531136 0.0043974677697223045
313.84615384615387 0.002477020216949938
316.3369963369963 0.0059546065486391925
318.82783882783883 0.007805829885454354
321.31868131868134 0.012915904632473456
323.8095238095238 0.010411721944275856
326.3003663003663 0.005734650996049016
328.7912087912088 0.019469030708306054
331.28205128205127 0.015014709960525167
333.7728937728938 0.010078137946037137
336.2637362637363 0.008926614937816846
338.75457875457874 0.010786855807533418
341.24542124542126 0.005930324436053943
343.73626373626377 0.003208702693045398
346.2271062271062 0.006973840162662052
348.71794871794873 0.0071249609563488235
351.20879120879124 0.001106646129844059
353.6996336996337 0.003511970842016143
356.1904761904762 0.0066553856234370665
358.68131868131866 0.004065103940114472
361.17216117216117 0.0018288423248703596
363.6630036630037 0.006858837261617285
366.15384615384613 0.007830021383666607
368.64468864468864 0.007549553226258414
371.13553113553115 0.00546540278363754
373.6263736263736 0.011962235849284278
376.1172161172161 0.013757035303207571
378.6080586080586 0.009224411507153479
381.0989010989011 0.008337634127922725
383.5897435897436 0.014784389362531543
386.0805860805861 0.008881691983905276
388.57142857142856 0.006399734373367946
391.06227106227107 0.0057930096925334264
393.5531135531136 0.007355010928672334
396.04395604395603 0.004623030111218578
398.53479853479854 0.007062177402149016
401.02564102564105 0.007064374439494519
403.5164835164835 0.013438267841846369
406.007326007326 0.0052339310939731555
408.4981684981685 0.011637884763681087
410.989010989011 0.010458616634675379
413.4798534798535 0.006066460803046511
415.970695970696 0.004416519732261878
418.46153846153845 0.009034215146628392
420.95238095238096 0.006053448115315023
423.4432234432235 0.007833310780381892
425.9340659340659 0.006372226530671486
428.42490842490844 0.008278341962904499
430.91575091575095 0.003640998289025605
433.4065934065934 0.010377269288241207
435.8974358974359 0.008975295574241019
438.3882783882784 0.005738366390854364
440.8791208791209 0.007595578118398825
443.3699633699634 0.007000774725453488
445.86080586080584 0.003222297877631064
448.35164835164835 0.008419480504574802
450.84249084249086 0.004791325463075495
453.3333333333333 0.008440779776662568
455.8241758241758 0.0063171107208297855
458.31501831501834 0.00854009544931317
460.8058608058608 0.009513846112436454
463.2967032967033 0.00401726252564277
465.7875457875458 0.00656846207764023
468.27838827838826 0.004191746183502989
470.7692307692308 0.00814921115333986
473.2600732600733 0.0032465750586072894
475.75091575091574 0.007339444228456962
478.24175824175825 0.006342690533175976
480.73260073260076 0.007939606179621984
483.2234432234432 0.012147458836713363
485.7142857142857 0.006094140517599619
488.20512820512823 0.006497303516020782
490.6959706959707 0.0029461169217952056
493.1868131868132 0.005265644566090832
495.6776556776557 0.004307420205085423
498.16849816849816 0.003942981029094676
500.65934065934067 0.006800693096244134
503.1501831501832 0.006462802565332166
505.64102564102564 0.003685654939666258
508.13186813186815 0.0033362963003552046
510.62271062271066 0.00574280958648796
513.1135531135532 0.007551753339801934
515.6043956043956 0.0062241075563573426
518.0952380952381 0.0016552866746270209
520.5860805860806 0.001986272158207225
523.0769230769231 0.006372475741498343
525.5677655677656 0.003791505142417094
528.0586080586081 0.0023020803435083574
530.5494505494505 0.0006342574949843436
533.040293040293 0.004418850649857376
535.5311355311355 0.007379235410242768
538.021978021978 0.00808818817062561
540.5128205128206 0.0019035780549280937
543.0036630036631 0.007395900135036716
545.4945054945055 0.006720239584354712
547.985347985348 0.009727578019188122
550.4761904761905 0.0071209333671809275
552.967032967033 0.014074065929185217
555.4578754578755 0.008552013965841846
557.948717948718 0.0065500286885876455
560.4395604395604 0.0145756041732697
562.9304029304029 0.00633753921002751
565.4212454212454 0.008456569031416075
567.9120879120879 0.008928966472691952
570.4029304029305 0.009249013172631874
572.8937728937728 0.006151417988412918
575.3846153846154 0.010197404778960893
577.8754578754579 0.007875961684170832
580.3663003663004 0.010656422152379105
582.8571428571429 0.006621267247498512
585.3479853479854 0.008711179262104319
587.8388278388278 0.008273293284279896
590.3296703296703 0.010661315371956725
592.8205128205128 0.006864554591091298
595.3113553113553 0.009431700803235582
597.8021978021978 0.010114432717896122
600.2930402930403 0.010030735860965593
602.7838827838827 0.009584933727669706
605.2747252747253 0.0041617328278069615
607.7655677655678 0.013215354265274619
610.2564102564103 0.010073838218600735
612.7472527472528 0.006729878401443445
615.2380952380953 0.011045177485140839
617.7289377289377 0.01492198611168411
620.2197802197802 0.006588945051048937
622.7106227106227 0.00838327365494689
625.2014652014652 0.014888796274552312
627.6923076923077 0.009446801828415419
630.1831501831502 0.003307700892401584
632.6739926739926 0.006607200380222411
635.1648351648352 0.00804004506139218
637.6556776556777 0.005364312141258745
640.1465201465202 0.005207575647268393
642.6373626373627 0.008237991421982479
645.1282051282051 0.004581225307138628
647.6190476190476 0.005361837226616163
650.1098901098901 0.004232353887392662
652.6007326007326 0.0013475545048633457
655.0915750915751 0.004701486543935294
657.5824175824176 0.006822663955336713
660.07326007326 0.0037332165339232773
662.5641025641025 0.0026047410666082075
665.054945054945 0.007452286787512906
667.5457875457876 0.001306325532986948
670.0366300366301 0.004339330560007832
672.5274725274726 0.002124528961736877
675.018315018315 0.0064335644607910894
677.5091575091575 0.00823927128687595
680.0 0.004023997327615377
682.4908424908425 0.009590724255387572
684.981684981685 0.006219592983893507
687.4725274725275 0.005094736592061665
689.9633699633699 0.006089028741121402
692.4542124542124 0.005480404797476998
694.945054945055 0.0023861559056444635
697.4358974358975 0.0023670236675743545
699.92673992674 0.0031973085595739035
702.4175824175825 0.002343804832713927
704.9084249084249 0.0010470957597444206
707.3992673992674 0.0022319263921659147
709.8901098901099 0.0011811736678333335
712.3809523809524 0.0021797651428768837
714.8717948717949 0.0013352951059880205
717.3626373626373 0.002818508879769461
719.8534798534798 0.003121113532725375
722.3443223443223 0.0034769953496751895
724.8351648351648 0.0022620455250959848
727.3260073260074 0.0026643250399567492
729.8168498168499 0.004925345588589762
732.3076923076923 0.0044076823193754675
734.7985347985348 0.003860990804911614
737.2893772893773 0.0035449313335447334
739.7802197802198 0.00455593910071237
742.2710622710623 0.003660247611873158
744.7619047619048 0.0036556492841810354
747.2527472527472 0.004315939007095093
749.7435897435897 0.004979842536112527
752.2344322344322 0.0055331956043476755
754.7252747252747 0.004569712278334065
757.2161172161173 0.007490420280248873
759.7069597069598 0.006707348538098672
762.1978021978022 0.005906608078115113
764.6886446886447 0.008056508164627352
767.1794871794872 0.008628253338351462
769.6703296703297 0.008537698857643562
772.1611721611722 0.007237448770666987
774.6520146520147 0.008919885793029514
777.1428571428571 0.00919223803526893
779.6336996336996 0.008172550639521823
782.1245421245421 0.008924121122930511
784.6153846153846 0.00905435609904665
787.1062271062272 0.009307372898547975
789.5970695970697 0.009983918612061512
792.0879120879121 0.009856487627357025
794.5787545787546 0.00968636812521111
797.0695970695971 0.009116800990059851
799.5604395604396 0.009818394502095049
802.0512820512821 0.009753650534854255
804.5421245421245 0.008807589778960073
807.032967032967 0.010224224858662395
809.5238095238095 0.010535081667844485
812.014652014652 0.011223497376965236
814.5054945054945 0.01046692114178121
816.996336996337 0.009428461670977422
819.4871794871794 0.008866645174025684
821.978021978022 0.007579935715059587
824.4688644688645 0.008915354088969677
826.959706959707 0.006209212428164976
829.4505494505495 0.00639221629553077
831.941391941392 0.006522115379381414
834.4322344322344 0.006226737671743224
836.9230769230769 0.008155780580815819
839.4139194139194 0.0050110547263232125
841.9047619047619 0.0077576245932103535
844.3956043956044 0.008082925147579025
846.886446886447 0.009902894939077153
849.3772893772893 0.008993571465133327
851.8681318681319 0.01156576563593929
854.3589743589744 0.012335394893851168
856.8498168498169 0.008757779130116551
859.3406593406594 0.010289487224454738
861.8315018315019 0.009981541723297247
864.3223443223443 0.012381899453104103
866.8131868131868 0.008505481499464871
869.3040293040293 0.011326963885721368
871.7948717948718 0.011371882559025284
874.2857142857143 0.006585857115807817
876.7765567765568 0.008227877214242162
879.2673992673992 0.011509340431586771
881.7582417582418 0.011200566971128261
884.2490842490843 0.006984324879375321
886.7399267399268 0.008975339173716824
889.2307692307693 0.005717104186116156
891.7216117216117 0.0036173641173138683
894.2124542124542 0.004794503817679675
896.7032967032967 0.0036157041425514042
899.1941391941392 0.002499327474019154
901.6849816849817 0.0033109995922668057
904.1758241758242 0.002037501245872337
906.6666666666666 0.0037582290933772682
909.1575091575091 0.002089329907033665
911.6483516483516 0.001010421188485555
914.1391941391942 0.005905337280631294
916.6300366300367 0.002613870492559027
919.1208791208792 0.004791914739892049
921.6117216117216 0.007073663310740591
924.1025641025641 0.007994150223736247
926.5934065934066 0.0023837393132361746
929.0842490842491 0.008142239020242276
931.5750915750916 0.009498503535648245
934.0659340659341 0.00801483179397764
936.5567765567765 0.006315165981904494
939.047619047619 0.009653309538531711
941.5384615384615 0.010257391629247072
944.0293040293041 0.006573933083161887
946.5201465201466 0.007295643302046621
949.0109890109891 0.007866237771541617
951.5018315018315 0.007762991939968681
953.992673992674 0.00629990385065949
956.4835164835165 0.003845306641962376
958.974358974359 0.004138875350944788
961.4652014652015 0.0063204722246405455
963.9560439560439 0.0042737948846125005
966.4468864468864 0.0029483812790181705
968.9377289377289 0.0023937624664124774
971.4285714285714 0.0005726155127518037
973.919413919414 0.0012009335571232516
976.4102564102565 0.0023952598305624333
978.9010989010989 0.002060163853275189
981.3919413919414 0.0034930358774433244
983.8827838827839 0.0043423583616875915
986.3736263736264 0.0019992704651340234
988.8644688644689 0.002943683052852826
991.3553113553114 0.0024366975842708295
993.8461538461538 0.0014856774524202988
996.3369963369963 0.0007974299597398266
998.8278388278388 0.0023742076623146664
1001.3186813186813 0.0016341686923181933
1003.8095238095239 0.0020922861572310867
1006.3003663003664 0.003930249423207005
1008.7912087912088 0.0041827089709311266
1011.2820512820513 0.003620124421783204
1013.7728937728938 0.0026028749778634107
1016.2637362637363 0.004323266267165644
1018.7545787545788 0.004270164759454576
1021.2454212454213 0.003392644676273293
1023.7362637362637 0.0034086127617291937
1026.2271062271063 0.004773960341125515
1028.7179487179487 0.003590270523487316
1031.2087912087911 0.003243443411207751
1033.6996336996338 0.004537452177777164
1036.1904761904761 0.004967334767840695
1038.6813186813188 0.0026167665180729495
1041.1721611721612 0.00303800985103134
1043.6630036630036 0.005055031091758747
1046.1538461538462 0.004449880469847848
1048.6446886446886 0.003039402161121539
1051.1355311355312 0.004963176544463329
1053.6263736263736 0.006098846354144243
1056.1172161172162 0.002969019480978882
1058.6080586080586 0.004712344647818662
1061.098901098901 0.0060324273724266485
1063.5897435897436 0.006254565500886654
1066.080586080586 0.002929711224190507
1068.5714285714287 0.0017520739284059693
1071.062271062271 0.004668811646927589
1073.5531135531135 0.0031732460602142474
1076.043956043956 0.0003629308900371262
1078.5347985347985 0.0026308875751348618
1081.025641025641 0.0011790900933606194
1083.5164835164835 0.0007875873484753325
1086.0073260073261 0.0015733809103287957
1088.4981684981685 0.004230284307931135
1090.989010989011 0.0017667000060417803
1093.4798534798535 0.002170778264167976
1095.970695970696 0.0015272134715629622
1098.4615384615386 0.004614438045482034
1100.952380952381 0.0037203063427342126
1103.4432234432234 0.001753836347819971
1105.934065934066 0.002928382479584677
1108.4249084249084 0.0055646758658025475
1110.915750915751 0.0021483466310977736
1113.4065934065934 0.0024009264693577994
1115.897435897436 0.003638560049448232
1118.3882783882784 0.0011951826783675767
1120.8791208791208 0.0014709751946219804
1123.3699633699634 0.004136277166828725
1125.8608058608058 0.0003213015498345834
1128.3516483516485 0.004508437164223933
1130.8424908424909 0.006907022923872011
1133.3333333333333 0.004160083842605919
1135.8241758241759 0.003148742059894288
1138.3150183150183 0.0045630625169319075
1140.805860805861 0.0030131254595440796
1143.2967032967033 0.003325753712652711
1145.7875457875457 0.008368027672899002
1148.2783882783883 0.0067411670329187365
1150.7692307692307 0.007275463628631137
1153.2600732600733 0.009469642232727492
1155.7509157509157 0.00895867930438968
1158.2417582417584 0.007079107619324827
1160.7326007326008 0.009834225404508418
1163.2234432234432 0.009265838473021563
1165.7142857142858 0.008517023230513907
1168.2051282051282 0.011603266752299331
1170.6959706959708 0.009731068001182126
1173.1868131868132 0.009974401957813428
1175.6776556776556 0.007928938514142775
1178.1684981684982 0.008174912666669676
1180.6593406593406 0.009108458900484043
1183.1501831501832 0.008365137130428956
1185.6410256410256 0.006787949900196715
1188.1318681318683 0.007909066520026724
1190.6227106227107 0.005851342258332547
1193.113553113553 0.00621362282424871
1195.6043956043957 0.005986725896502233
1198.095238095238 0.007560078220872284
1200.5860805860807 0.007683149674397734
1203.076923076923 0.004060704843726738
1205.5677655677655 0.0053999208461807
1208.0586080586081 0.004033588840017291
1210.5494505494505 0.0026272007810232956
1213.0402930402931 0.002849937667613672
1215.5311355311355 0.005501284752993852
1218.021978021978 0.005225758679164601
1220.5128205128206 0.002858651827048359
1223.003663003663 0.004776316126206619
1225.4945054945056 0.007184270300300472
1227.985347985348 0.0056462124155035555
1230.4761904761906 0.00229096923074813
1232.967032967033 0.0036357504339940274
1235.4578754578754 0.0051435560828264676
1237.948717948718 0.00375676240047332
1240.4395604395604 0.002336131743517243
1242.930402930403 0.0036772881347946888
1245.4212454212454 0.006957862268789625
1247.9120879120878 0.0038127635301630114
1250.4029304029305 0.0060951657920838165
1252.8937728937728 0.006640512139255145
1255.3846153846155 0.010194116061995766
1257.8754578754579 0.005397252047269097
1260.3663003663005 0.004112935736941425
1262.857142857143 0.010257436507400847
1265.3479853479853 0.01126303665017992
1267.838827838828 0.005904003270200624
1270.3296703296703 0.011223349064764894
1272.820512820513 0.008891194194915028
1275.3113553113553 0.010078830662364676
1277.8021978021977 0.002927451571622192
1280.2930402930403 0.004074554743840893
1282.7838827838827 0.008092636686763861
1285.2747252747254 0.009691278739372497
1287.7655677655678 0.00410629011591153
1290.2564102564102 0.00463060676504698
1292.7472527472528 0.004839885369999825
1295.2380952380952 0.006427088056742599
1297.7289377289378 0.002329072890199838
1300.2197802197802 0.0017259899598720174
1302.7106227106228 0.00433885240161187
1305.2014652014652 0.0020403734130707923
1307.6923076923076 0.004858127417884709
1310.1831501831502 0.006673935573183826
1312.6739926739926 0.0058682813354767
1315.1648351648353 0.003798026091539858
1317.6556776556777 0.007967923152017024
1320.14652014652 0.006315765659836085
1322.6373626373627 0.004804536118380719
1325.128205128205 0.004566041978902268
1327.6190476190477 0.005919474924731009
1330.10989010989 0.005595413079960123
1332.6007326007327 0.004003235181942596
1335.0915750915751 0.00383932088422823
1337.5824175824175 0.0037788553042954224
1340.0732600732601 0.004200062532398089
1342.5641025641025 0.0009861489725552718
1345.0549450549452 0.001239043837073209
1347.5457875457876 0.0031739694013516923
1350.03663003663 0.004084958514380633
1352.5274725274726 0.004876376727960227
1355.018315018315 0.0055336082199599484
1357.5091575091576 0.001432445286608781
1360.0 0.006430217330991847
1362.4908424908424 0.004727789159418039
1364.981684981685 0.005720502369789897
1367.4725274725274 0.004156450007237679
1369.96336996337 0.0019087070980252968
1372.4542124542124 0.004613929089253381
1374.945054945055 0.005056969226523069
1377.4358974358975 0.002190849575782738
1379.9267399267399 0.0030517839662291485
1382.4175824175825 0.0022508663517670025
1384.9084249084249 0.002146814435304156
1387.3992673992675 0.0021500923762980046
1389.89010989011 0.00030228344783858325
1392.3809523809523 0.0004266676679436466
1394.871794871795 0.001229119244287843
1397.3626373626373 0.002328561926052586
1399.85347985348 0.002493052410097721
1402.3443223443223 0.0018300307048207854
1404.835164835165 0.0002594302018895695
1407.3260073260074 0.0020348866817022793
1409.8168498168498 0.0025225388985326484
1412.3076923076924 0.0009429300468648079
1414.7985347985348 0.0026839744866812114
1417.2893772893774 0.004729512080573809
1419.7802197802198 0.0010426509912059478
1422.2710622710622 0.0025835447852104215
1424.7619047619048 0.002286051774512599
1427.2527472527472 0.0006816705497909425
1429.7435897435898 0.003027348575649549
1432.2344322344322 0.001907322655813331
1434.7252747252746 0.001258213414107958
1437.2161172161173 0.003497020830647162
1439.7069597069597 0.004847634515572464
1442.1978021978023 0.004042797487612564
1444.6886446886447 0.005465244120047881
1447.1794871794873 0.0032344118368922855
1449.6703296703297 0.004707027389660352
1452.161172161172 0.006959250177919087
1454.6520146520147 0.005732075160874977
1457.142857142857 0.005115490707035103
1459.6336996336997 0.003790351719179569
1462.1245421245421 0.0051344501465581715
1464.6153846153845 0.004713944573812086
1467.1062271062272 0.0028641210016972308
1469.5970695970695 0.005046964703948917
1472.0879120879122 0.003010833971575623
1474.5787545787546 0.0050639490658947114
1477.0695970695972 0.0016274920021143286
1479.5604395604396 0.0026286741327423884
1482.051282051282 0.0027000140639911055
1484.5421245421246 0.0016533264341458342
1487.032967032967 0.0025836693906593896
1489.5238095238096 0.0027596331010045355
1492.014652014652 0.0022881912161195417
1494.5054945054944 0.0021189161143191455
1496.996336996337 0.00179099176754995
1499.4871794871794 0.000842211655131369
1501.978021978022 0.003844244919786307
1504.4688644688645 0.00428521398699816
1506.959706959707 0.004676512559579779
1509.4505494505495 0.002677196696783202
1511.9413919413919 0.0060321720642218316
1514.4322344322345 0.0016317169225590425
1516.923076923077 0.004566072296072409
1519.4139194139195 0.0030111646261495434
1521.904761904762 0.00532457044056946
1524.3956043956043 0.002689782850544642
1526.886446886447 0.003714702084326684
1529.3772893772893 0.005092507187255748
1531.868131868132 0.003852808920760722
1534.3589743589744 0.004850815575374832
1536.8498168498168 0.005574955709494974
1539.3406593406594 0.0038902695643035887
1541.8315018315018 0.005861730915288379
1544.3223443223444 0.00637219944133655
1546.8131868131868 0.0017991951292427328
1549.3040293040294 0.0033625302677997996
1551.7948717948718 0.005096636460932804
1554.2857142857142 0.001033873161226183
1556.7765567765568 0.0012541223340084848
1559.2673992673992 0.0010575932297063285
1561.7582417582419 0.001450638377323438
1564.2490842490843 0.0024143045002470265
1566.7399267399267 0.0033415373384138402
1569.2307692307693 0.004347750281578375
1571.7216117216117 0.00196072844437448
1574.2124542124543 0.003152410984888335
1576.7032967032967 0.0038546285581719263
1579.1941391941393 0.0020320046608867286
1581.6849816849817 0.003153847448109248
1584.1758241758241 0.00473053041505814
1586.6666666666667 0.0016382878533200177
1589.1575091575091 0.002728683118889995
1591.6483516483518 0.0040149196434523795
1594.1391941391942 0.0023725164542816052
1596.6300366300366 0.0012036538908527271
1599.1208791208792 0.001395953958377991
1601.6117216117216 0.0028450253824230183
1604.1025641025642 0.0046473061697543845
1606.5934065934066 0.0031324597300679802
1609.084249084249 0.0028076143284102638
1611.5750915750916 0.00278439635348585
1614.065934065934 0.004063023728027985
1616.5567765567766 0.0028692731258266758
1619.047619047619 0.004611271434577641
1621.5384615384617 0.002573780554334774
1624.029304029304 0.003239454835250121
1626.5201465201465 0.0012764004820677904
1629.010989010989 0.004098650324634142
1631.5018315018315 0.005578887381768386
1633.992673992674 0.005415415584022313
1636.4835164835165 0.0018774032360337031
1638.974358974359 0.006283075314731205
1641.4652014652015 0.00825974159002434
1643.956043956044 0.006579646913367915
1646.4468864468865 0.005885582397934215
1648.937728937729 0.007850545832804135
1651.4285714285716 0.006496852310145838
1653.919413919414 0.0066417525500670664
1656.4102564102564 0.005364269106155413
1658.901098901099 0.006862558107074251
1661.3919413919414 0.005919758547219034
1663.882783882784 0.0038586003962950005
1666.3736263736264 0.005079691155921634
1668.8644688644688 0.00403313738517495
1671.3553113553114 0.006044811834406782
1673.8461538461538 0.00661087669700471
1676.3369963369964 0.004946467057076135
1678.8278388278388 0.005544109925762764
1681.3186813186812 0.00273224867875738
1683.8095238095239 0.0047636671736614395
1686.3003663003662 0.0023689787583594437
1688.7912087912089 0.002328013911454857
1691.2820512820513 0.0011278065535070712
1693.772893772894 0.0011904911153448213
1696.2637362637363 0.0010518240092463114
1698.7545787545787 0.0018677191150355136
1701.2454212454213 0.0018836490288973694
1703.7362637362637 0.0022385919583695585
1706.2271062271063 0.003643587945164987
1708.7179487179487 0.0032228263193217655
1711.2087912087911 0.002756218573167769
1713.6996336996338 0.002356829649299659
1716.1904761904761 0.0015735729403895376
1718.6813186813188 0.0014374973170478136
1721.1721611721612 0.0028972574936833835
1723.6630036630038 0.0024993910447437297
1726.1538461538462 0.0008175776014555521
1728.6446886446886 0.002092751211821288
1731.1355311355312 0.001968961053142148
1733.6263736263736 0.0017926287783306051
1736.1172161172162 0.003791317454266343
1738.6080586080586 0.00382572979186589
1741.098901098901 0.005727802087779789
1743.5897435897436 0.0037474844284483043
1746.080586080586 0.002508479856130532
1748.5714285714287 0.0012728545803915015
1751.062271062271 0.0015307548392215556
1753.5531135531137 0.0011422600585280307
1756.043956043956 0.0011516242670825477
1758.5347985347985 0.0017819084331324783
1761.025641025641 0.001513239778063336
1763.5164835164835 0.0015806371180103228
1766.0073260073261 0.0008595461093291711
1768.4981684981685 0.0017607324345636133
1770.989010989011 0.0028207075195492855
1773.4798534798535 0.0004237969455915856
1775.970695970696 0.0024125847260594423
1778.4615384615386 0.002014856332196406
1780.952380952381 0.005643097579092947
1783.4432234432234 0.004683307761601515
1785.934065934066 0.00434997761355084
1788.4249084249084 0.001955056034047889
1790.915750915751 0.004739171211469307
1793.4065934065934 0.005359353823996957
1795.897435897436 0.0032746615679471614
1798.3882783882784 0.0034900300776668104
1800.8791208791208 0.004112207334166166
1803.3699633699634 0.0019921584388593004
1805.8608058608058 0.0028344071258315303
1808.3516483516485 0.0025055891525433928
1810.8424908424909 0.0006502315324122948
1813.3333333333333 0.0008263603110454978
1815.8241758241759 0.0020987361362507662
1818.3150183150183 0.0012394063200543602
1820.805860805861 0.0022307943925323963
1823.2967032967033 0.0016571934408874717
1825.787545787546 0.0018681173869157994
1828.2783882783883 0.002888150056964234
1830.7692307692307 0.0029644469113389257
1833.2600732600733 0.0013737027482701827
1835.7509157509157 0.0037632345150696205
1838.2417582417584 0.003219433126883423
1840.7326007326008 0.0015796851311352456
1843.2234432234432 0.0020281592286964904
1845.7142857142858 0.002612035492762444
1848.2051282051282 0.0030232301937449333
1850.6959706959708 0.002293213568296654
1853.1868131868132 0.0021496106892704646
1855.6776556776556 0.002403141370479808
1858.1684981684982 0.00207277753418043
1860.6593406593406 0.0008686651212954981
1863.1501831501832 0.003268260226919842
1865.6410256410256 0.0034947733660505697
1868.1318681318683 0.0020969668393335233
1870.6227106227107 0.0024822393676235
1873.113553113553 0.004145478466747
1875.6043956043957 0.00243350836415973
1878.095238095238 0.002686636146682153
1880.5860805860807 0.002158223931851448
1883.076923076923 0.0018994949308088552
1885.5677655677655 0.0011734236806331955
1888.0586080586081 0.002142631121691546
1890.5494505494505 0.003152850297071891
1893.0402930402931 0.0012984453433014763
1895.5311355311355 0.004169214063963944
1898.0219780219782 0.004970464071317976
1900.5128205128206 0.004594698609719521
1903.003663003663 0.005049838188517134
1905.4945054945056 0.00482035003104725
1907.985347985348 0.0042053962190208094
1910.4761904761906 0.005121460563783141
1912.967032967033 0.0037694451563980574
1915.4578754578754 0.002531131427637797
1917.948717948718 0.003380531171537458
1920.4395604395604 0.0020608741265546837
1922.930402930403 0.002645712622819033
1925.4212454212454 0.002962258459370717
1927.9120879120878 0.002896867624719706
1930.4029304029305 0.002637079279939481
1932.8937728937728 0.00032165077012360864
1935.3846153846155 0.00421847007144794
1937.8754578754579 0.002573732078374685
1940.3663003663005 0.004796569831997372
1942.857142857143 0.005256040366374439
1945.3479853479853 0.005957944161969298
1947.838827838828 0.008324771918877278
1950.3296703296703 0.006812022421087811
1952.820512820513 0.006721011258234504
1955.3113553113553 0.007169144709393575
1957.8021978021977 0.006732899710667212
1960.2930402930403 0.004763759386711807
1962.7838827838827 0.009386845387235096
1965.2747252747254 0.004346581660641929
1967.7655677655678 0.0018824309412140128
1970.2564102564104 0.002878980887111876
1972.7472527472528 0.0021330437757248887
1975.2380952380952 0.0014308338777543367
1977.7289377289378 0.0021147570465803746
1980.2197802197802 0.006436556940224486
1982.7106227106228 0.0020376308436678326
1985.2014652014652 0.00212836513576204
1987.6923076923076 0.001573312231327538
1990.1831501831502 0.0034480074908570454
1992.6739926739926 0.0021891495631286874
1995.1648351648353 0.003978964401169576
1997.6556776556777 0.006281819468758548
2000.14652014652 0.006316339822429602
2002.6373626373627 0.002051820471637781
2005.128205128205 0.0037645937177037446
2007.6190476190477 0.0037819073538114035
2010.10989010989 0.00416180891532312
2012.6007326007327 0.0015429257725484244
2015.0915750915751 0.003009600273678016
2017.5824175824175 0.007199440374893468
2020.0732600732601 0.001527506407983348
2022.5641025641025 0.004034515863479722
2025.0549450549452 0.003807311822587486
2027.5457875457876 0.004304224415859186
2030.03663003663 0.002827030648780879
2032.5274725274726 0.003953720995421195
2035.018315018315 0.003700410978869927
2037.5091575091576 0.002694810216204468
2040.0 0.0034624630281446314
2042.4908424908426 0.0050585477220174545
2044.981684981685 0.0029066040818562957
2047.4725274725274 0.0005120975300369718
2049.96336996337 0.004079738201141377
2052.4542124542127 0.00284296096461657
2054.945054945055 0.004442210277770774
2057.4358974358975 0.005821431520038486
2059.92673992674 0.0046053330986266265
2062.4175824175823 0.00447281096610708
2064.908424908425 0.00550104641783082
2067.3992673992675 0.004660621927613197
2069.89010989011 0.003964867136495906
2072.3809523809523 0.004732131363293194
2074.871794871795 0.0030658499763190077
2077.3626373626375 0.004090070014487264
2079.8534798534797 0.0025201972843143117
2082.3443223443223 0.0026943499421947788
2084.835164835165 0.004430557330713066
2087.326007326007 0.004163136293947527
2089.8168498168498 0.0023471902035070566
2092.3076923076924 0.004293151114648816
2094.798534798535 0.004199713959034877
2097.289377289377 0.003122713065441688
2099.78021978022 0.0017049321518908173
2102.2710622710624 0.002967192416144346
2104.7619047619046 0.003132206389775309
2107.252747252747 0.0021108664679046476
2109.74358974359 0.002882609041681118
2112.2344322344325 0.0031816527792018633
2114.7252747252746 0.003040423368799559
2117.2161172161173 0.002856524003548298
2119.70695970696 0.002481668318941579
2122.197802197802 0.0021086851207699434
2124.6886446886447 0.0038382964778905203
2127.1794871794873 0.004239400372309248
2129.67032967033 0.00539351466598877
2132.161172161172 0.0038138397650062206
2134.6520146520147 0.0032059645395844005
2137.1428571428573 0.0021920580921201767
2139.6336996336995 0.0019169911465234896
2142.124542124542 0.0011894346907302493
2144.6153846153848 0.001683076701137492
2147.106227106227 0.0019619449351876168
2149.5970695970695 0.00402825506442036
2152.087912087912 0.003859116920680362
2154.578754578755 0.003974974849963178
2157.069597069597 0.005597394122341507
2159.5604395604396 0.005007314976346772
2162.051282051282 0.0032320265445697485
2164.5421245421244 0.003750813015853016
2167.032967032967 0.0029081116107469674
2169.5238095238096 0.0044744543523345115
2172.0146520146523 0.00291111300647345
2174.5054945054944 0.005378425718886158
2176.996336996337 0.004754334770834936
2179.4871794871797 0.0034725029271117694
2181.978021978022 0.0067320974423855885
2184.4688644688645 0.008081874636925458
2186.959706959707 0.007166939266369147
2189.4505494505493 0.007944764521763894
2191.941391941392 0.0064620071563036815
2194.4322344322345 0.007130564258085968
2196.923076923077 0.007703124772664046
2199.4139194139193 0.0040834547387404736
2201.904761904762 0.006540876341438875
2204.3956043956046 0.0068821721969562835
2206.8864468864467 0.005528529065139684
2209.3772893772893 0.006961893559051225
2211.868131868132 0.0054861650313333815
2214.3589743589746 0.00458869486250382
2216.8498168498168 0.0028671088255742615
2219.3406593406594 0.004359258029972717
2221.831501831502 0.0016896466164465183
2224.322344322344 0.004080532374478328
2226.813186813187 0.0062480908725780614
2229.3040293040294 0.002461800052993996
2231.794871794872 0.0028027788898504265
2234.285714285714 0.002644370538542646
2236.776556776557 0.0036279188112443308
2239.2673992673995 0.0013217473437861032
2241.7582417582416 0.002854485296399049
2244.2490842490843 0.005521169082312934
2246.739926739927 0.00609216373930613
2249.230769230769 0.00581854077833438
2251.7216117216117 0.0022180991569268602
2254.2124542124543 0.005585577228663372
2256.703296703297 0.003820599203312701
2259.194139194139 0.0022418867432739235
2261.6849816849817 0.004504177594969958
2264.1758241758243 0.005153960332956472
2266.6666666666665 0.0044044991578614
2269.157509157509 0.006324929348846706
2271.6483516483518 0.003956654871098181
2274.1391941391944 0.0053051927442042375
2276.6300366300366 0.00480278918049619
2279.120879120879 0.0028873214814272054
2281.611721611722 0.0027573966589540017
2284.102564102564 0.0018115315149261452
2286.5934065934066 0.0029008608871575335
2289.084249084249 0.0027081330540006357
2291.5750915750914 0.00150714483843194
2294.065934065934 0.00118566716273646
2296.5567765567766 0.003311995041698585
2299.0476190476193 0.003073348414441736
2301.5384615384614 0.002144046876076217
2304.029304029304 0.001073474217498161
2306.5201465201467 0.004217226530177594
2309.010989010989 0.0024621484420164707
2311.5018315018315 0.0032946973554469575
2313.992673992674 0.0019965350541271015
2316.4835164835167 0.004930796759897025
2318.974358974359 0.0039040778176141935
2321.4652014652015 0.0020476464522886434
2323.956043956044 0.0007394010720931035
2326.4468864468863 0.0012674768242592746
2328.937728937729 0.0009154924777297929
2331.4285714285716 0.0035904311150282346
2333.9194139194137 0.002571480275784527
2336.4102564102564 0.0044880182412748515
2338.901098901099 0.004826457067144724
2341.3919413919416 0.005936483317573026
2343.8827838827838 0.004240816534625195
2346.3736263736264 0.002625063843075836
2348.864468864469 0.0011241977118299459
2351.355311355311 0.004041623773217925
2353.846153846154 0.005708875274218232
2356.3369963369964 0.005459956661652316
2358.827838827839 0.006183709132021775
2361.3186813186812 0.003961935117430598
2363.809523809524 0.0011582119372212504
2366.3003663003665 0.0017171968868176929
2368.7912087912086 0.0015140787045914111
2371.2820512820513 0.002552443373360048
2373.772893772894 0.0037890825127775674
2376.2637362637365 0.006649531332069281
2378.7545787545787 0.004117216651319586
2381.2454212454213 0.006774024975629347
2383.736263736264 0.0036184214539929896
2386.227106227106 0.004581264992308229
2388.7179487179487 0.0024658735482322378
2391.2087912087914 0.004006540067340284
2393.6996336996335 0.003516921299399452
2396.190476190476 0.005332647705933392
2398.6813186813188 0.004991590730174885
2401.1721611721614 0.0030830043214735213
2403.6630036630036 0.0027157850809179872
2406.153846153846 0.0006246204836055308
2408.644688644689 0.0008877971591072539
2411.135531135531 0.0014369473059868824
2413.6263736263736 0.001957080388843067
2416.1172161172162 0.0040431487466487575
2418.608058608059 0.003555683978266674
2421.098901098901 0.00019463204547261317
2423.5897435897436 0.0014912160039898487
2426.0805860805863 0.0026630985182773074
2428.5714285714284 0.0017233239993565805
2431.062271062271 0.0020996771280148976
2433.5531135531137 0.0006768334997690373
2436.043956043956 0.004258363570380035
2438.5347985347985 0.0019147000352382852
2441.025641025641 0.0037272412757770536
2443.5164835164837 0.0026484431337723056
2446.007326007326 0.0026425627913628912
2448.4981684981685 0.0045688195690398855
2450.989010989011 0.0015228021409340621
2453.4798534798533 0.002952835586869355
2455.970695970696 0.004675629027744848
2458.4615384615386 0.0045905609317577305
2460.952380952381 0.004354827485016603
2463.4432234432234 0.005193411452352361
2465.934065934066 0.006590110890800556
2468.4249084249086 0.007368010591402416
2470.915750915751 0.0069699121868577844
2473.4065934065934 0.005029562586718137
2475.897435897436 0.0075530907664249575
2478.388278388278 0.004070636280864281
2480.879120879121 0.004183433868565331
2483.3699633699634 0.0062064760532416635
2485.860805860806 0.002615479135106998
2488.3516483516482 0.00406747802844044
2490.842490842491 0.004842427789840068
2493.3333333333335 0.004271403839203965
2495.8241758241757 0.0037320349536393614
2498.3150183150183 0.006741871625437384
2500.805860805861 0.0034753517059924422
2503.2967032967035 0.004449445629523381
2505.7875457875457 0.004744501716019719
2508.2783882783883 0.0037305927643743295
2510.769230769231 0.004222252060021556
2513.260073260073 0.004647957059419946
2515.7509157509157 0.005396154789240144
2518.2417582417584 0.004710353767105231
2520.732600732601 0.00432558052966005
2523.223443223443 0.004510019253883121
2525.714285714286 0.005354386626350453
2528.2051282051284 0.005384442221362715
2530.6959706959706 0.0048558958104155375
2533.186813186813 0.003903374016442567
2535.677655677656 0.0030784254454173767
2538.168498168498 0.002621243862977431
2540.6593406593406 0.003515628349490554
2543.1501831501832 0.004008363407040753
2545.641025641026 0.0028678431578368687
2548.131868131868 0.0043690907536127616
2550.6227106227107 0.003912967719818571
2553.1135531135533 0.003678292435557176
2555.6043956043954 0.0028457019835119823
2558.095238095238 0.0032327243984409952
2560.5860805860807 0.003866192573835823
2563.0769230769233 0.0021088919280839334
2565.5677655677655 0.0017643855796725032
2568.058608058608 0.002307102061352266
2570.5494505494507 0.002457843931610327
2573.040293040293 0.0002152152086294805
2575.5311355311355 0.0008407670806257651
2578.021978021978 0.002108730237708366
2580.5128205128203 0.003235269048223491
2583.003663003663 0.0028269131344264616
2585.4945054945056 0.0026792356399761665
2587.985347985348 0.0004649355174627254
2590.4761904761904 0.003310873076792361
2592.967032967033 0.004586172760371319
2595.4578754578756 0.005593193391238097
2597.948717948718 0.0018986776148656203
2600.4395604395604 0.0022677413524651506
2602.930402930403 0.0032623269805516913
2605.4212454212457 0.00336362284011478
2607.912087912088 0.0023922937658999318
2610.4029304029305 0.0041485581502896975
2612.893772893773 0.005261456812416052
2615.3846153846152 0.004714988546462853
2617.875457875458 0.003175452371728797
2620.3663003663005 0.002468914756672526
2622.857142857143 0.003227519272931909
2625.3479853479853 0.001713415072797094
2627.838827838828 0.003617843091121095
2630.3296703296705 0.004864275695317861
2632.8205128205127 0.004596469061967228
2635.3113553113553 0.004929134704059776
2637.802197802198 0.005441485574823342
2640.29304029304 0.006162642013775732
2642.7838827838827 0.006802050649653741
2645.2747252747254 0.004648038887466483
2647.765567765568 0.004206145486685106
2650.25641025641 0.003846902437930768
2652.747252747253 0.002382918971242885
2655.2380952380954 0.003156299613627063
2657.7289377289376 0.0026090072255044203
2660.21978021978 0.0023287517201696743
2662.710622710623 0.0011193269021291194
2665.2014652014655 0.001013668741213141
2667.6923076923076 0.00206970786648015
2670.1831501831502 0.002524251627757097
2672.673992673993 0.0019680930115559396
2675.164835164835 0.0008424758296815862
2677.6556776556777 0.001946384745134367
2680.1465201465203 0.001965331001693679
2682.6373626373625 0.0014181120248593162
2685.128205128205 0.0009659569731001294
2687.6190476190477 0.0003544567628554401
2690.1098901098903 0.0017676801891283454
2692.6007326007325 0.001612959528760019
2695.091575091575 0.0004980141204226755
2697.5824175824177 0.0029480147084738366
2700.07326007326 0.0027862430042449506
2702.5641025641025 0.0032706146878391427
2705.054945054945 0.0014838929261683012
2707.545787545788 0.0020006333299936066
2710.03663003663 0.002144058561023196
2712.5274725274726 0.0030812481344531933
2715.018315018315 0.0031813995902842266
2717.5091575091574 0.0026557197539753006
2720.0 0.0035404835070880878
2722.4908424908426 0.004240043751260284
2724.981684981685 0.002829554810861529
2727.4725274725274 0.002463211602762321
2729.96336996337 0.004101047950788965
2732.4542124542127 0.0025039156176383695
2734.945054945055 0.0018006611364045448
2737.4358974358975 0.0014022576902296777
2739.92673992674 0.0024751325737279077
2742.4175824175823 0.001461264884626921
2744.908424908425 0.0013884836648027973
2747.3992673992675 0.002477136760748684
2749.89010989011 0.0031855249412641303
2752.3809523809523 0.004097416195648314
2754.871794871795 0.003994656339949905
2757.3626373626375 0.003890903386452832
2759.8534798534797 0.0025436431470211487
2762.3443223443223 0.0041433048243017774
2764.835164835165 0.003888963654527506
2767.3260073260076 0.00318922712674216
2769.8168498168498 0.0021016668479424657
2772.3076923076924 0.0006116320614753443
2774.798534798535 0.0005532834081022608
2777.289377289377 0.001670594976933311
2779.78021978022 0.0035217226687384545
2782.2710622710624 0.004001004948993579
2784.7619047619046 0.0039042060720871213
2787.252747252747 0.004211749251507337
2789.74358974359 0.0045348659596868126
2792.2344322344325 0.0044733744924507594
2794.7252747252746 0.0035724328772366175
2797.2161172161173 0.0021395252893655443
2799.70695970696 0.002040569688834264
2802.197802197802 0.0034736446906498603
2804.6886446886447 0.002193164664769134
2807.1794871794873 0.0034097835695378956
2809.67032967033 0.004492497404502744
2812.161172161172 0.004031619034861231
2814.6520146520147 0.0033553144008744893
2817.1428571428573 0.004794474878316836
2819.6336996336995 0.00587945696359535
2822.124542124542 0.0035031409749687985
2824.6153846153848 0.0034333401913919873
2827.106227106227 0.004294441804948697
2829.5970695970695 0.003217063153576203
2832.087912087912 0.0010399817208721334
2834.578754578755 0.0027961930500328322
2837.069597069597 0.002088677821488283
2839.5604395604396 0.00177774509089692
2842.051282051282 0.002870792403326399
2844.5421245421244 0.00314226950882863
2847.032967032967 0.0031432088344153447
2849.5238095238096 0.002630958263498606
2852.0146520146523 0.0029437192481795026
2854.5054945054944 0.003923146288533845
2856.996336996337 0.003843408219135105
2859.4871794871797 0.004754514241141138
2861.978021978022 0.004018523832283438
2864.4688644688645 0.003966065179450194
2866.959706959707 0.0027471162324947365
2869.4505494505493 0.0036840013119606753
2871.941391941392 0.003341998132612925
2874.4322344322345 0.0018293271854766546
2876.923076923077 0.0018756104784820138
2879.4139194139193 0.002131165243992356
2881.904761904762 0.0009293987563350828
2884.3956043956046 0.0006102469076855093
2886.8864468864467 0.0016750516124345773
2889.3772893772893 0.0007009596936901744
2891.868131868132 0.0011421929779420333
2894.3589743589746 0.0022140315356929514
2896.8498168498168 0.0022649507220543555
2899.3406593406594 0.0012142854542592533
2901.831501831502 0.0027809567133192372
2904.322344322344 0.002513251623547925
2906.813186813187 0.0008211321139204651
2909.3040293040294 0.0014169632309066424
2911.794871794872 0.0012517986846612603
2914.285714285714 0.0007005335993922548
2916.776556776557 0.0014262450698871777
2919.2673992673995 0.0015355286264456625
2921.7582417582416 0.0007925032149646999
2924.2490842490843 0.0008927458569542859
2926.739926739927 0.0012194964126641483
2929.230769230769 0.0014574957043436518
2931.7216117216117 0.0014757005597579409
2934.2124542124543 0.0013590500040692325
2936.703296703297 0.0015022511868160004
2939.194139194139 0.0007600189844813348
2941.6849816849817 0.0010587423322414083
2944.1758241758243 0.0019368312182744599
2946.6666666666665 0.002228354385987367
2949.157509157509 0.001358054492336059
2951.6483516483518 0.0015012546662587659
2954.1391941391944 0.0018002772467098024
2956.6300366300366 0.0010913903744216933
2959.120879120879 0.0005919155323269855
2961.611721611722 0.0009204187454530324
2964.102564102564 0.0017154033857432597
2966.5934065934066 0.0012432494208150574
2969.084249084249 0.0009241002171741116
2971.5750915750914 0.0008429366362765453
2974.065934065934 0.0004910372407840331
2976.5567765567766 0.0004526567917684305
2979.0476190476193 0.000519621456143607
2981.5384615384614 0.0006435198452926686
2984.029304029304 0.0008405153478204231
2986.5201465201467 0.0013148779340931712
2989.010989010989 0.000983197921302701
2991.5018315018315 0.001480958102201557
2993.992673992674 0.0018500402396605163
2996.4835164835167 0.002139731500921433
2998.974358974359 0.0023076565448804133
3001.4652014652015 0.002585112447818909
3003.956043956044 0.0031667091092023245
3006.4468864468863 0.0028975730689472404
3008.937728937729 0.001774986820630493
3011.4285714285716 0.0018137973988792693
3013.919413919414 0.0027253386714636506
3016.4102564102564 0.002567933686978452
3018.901098901099 0.002154154985993283
3021.3919413919416 0.0014401613999753548
3023.8827838827838 0.0011687482734860839
3026.3736263736264 0.0013821588226688789
3028.864468864469 0.001208801319600546
3031.355311355311 0.000991018483371941
3033.846153846154 0.0012201883315007243
3036.3369963369964 0.0010089902008100543
3038.827838827839 0.0007231201244898522
3041.3186813186812 0.0011628026104021985
3043.809523809524 0.0006645143221654082
3046.3003663003665 0.0004898646067854971
3048.7912087912086 0.00034210619353883893
3051.2820512820513 0.0009152317757985481
3053.772893772894 0.0008780558509616773
3056.2637362637365 0.0015005335813653535
3058.7545787545787 0.0011785421360001463
3061.2454212454213 0.0018352851946642308
3063.736263736264 0.001772778044549106
3066.227106227106 0.0013314053006771806
3068.7179487179487 0.0015329218566795138
3071.2087912087914 0.001633939865812234
3073.6996336996335 0.0018081881821321276
3076.190476190476 0.0016995957045599674
3078.6813186813188 0.0015458176835134473
3081.1721611721614 0.001365151929505843
3083.6630036630036 0.0016503128195141585
3086.153846153846 0.0010958714310797257
3088.644688644689 0.0004900734332617669
3091.135531135531 0.0003734968753749293
3093.6263736263736 0.00040903124364514586
3096.1172161172162 0.0003947193692673056
3098.608058608059 0.00017308954611816105
3101.098901098901 0.00031883269903916337
3103.5897435897436 0.0007033726563369701
3106.0805860805863 0.0008054222982764621
3108.5714285714284 0.0010814879396949962
3111.062271062271 0.001301269446417952
3113.5531135531137 0.002374011348127571
3116.043956043956 0.0027345424915943962
3118.5347985347985 0.0027215408818260945
3121.025641025641 0.0024249414171765623
3123.5164835164837 0.0020759670614735326
3126.007326007326 0.0014189128669304058
3128.4981684981685 0.0008210295370613997
3130.989010989011 0.001549476071457255
3133.4798534798533 0.0012450474559760833
3135.970695970696 0.0010600301823958029
3138.4615384615386 0.000900442740985333
3140.952380952381 0.002698497338107864
3143.4432234432234 0.0008540342715038058
3145.934065934066 0.0014061769053377868
3148.4249084249086 0.002339009891785703
3150.915750915751 0.0018651796329625348
3153.4065934065934 0.0016216106720512455
3155.897435897436 0.0010458020525994777
3158.3882783882786 0.0018971297620187385
3160.879120879121 0.002407873770736683
3163.3699633699634 0.0025490748307080958
3165.860805860806 0.0025813572743706038
3168.3516483516482 0.0028932227636677132
3170.842490842491 0.0027405018030703045
3173.3333333333335 0.0019839233892769335
3175.8241758241757 0.002223672926081644
3178.3150183150183 0.00115969906159509
3180.805860805861 0.001568270853956008
3183.2967032967035 0.0005985807409322077
3185.7875457875457 0.0007985559821343796
3188.2783882783883 0.0006482256075797034
3190.769230769231 0.0007887188224523986
3193.260073260073 0.0021808359090636042
3195.7509157509157 0.003048710133523899
3198.2417582417584 0.0021097394361140344
3200.732600732601 0.0018933406797758479
3203.223443223443 0.0019274579609404553
3205.714285714286 0.001302678601870121
3208.2051282051284 0.0020814012607052097
3210.6959706959706 0.0016674421610881154
3213.186813186813 0.0019703624337371684
3215.677655677656 0.002445200559849304
3218.168498168498 0.0016355983180320725
3220.6593406593406 0.001773039164750385
3223.1501831501832 0.0017573404086308959
3225.641025641026 0.002513937882851574
3228.131868131868 0.0030369219439739855
3230.6227106227107 0.0019908471841715153
3233.1135531135533 0.0014259498635064531
3235.6043956043954 0.0027242549826220815
3238.095238095238 0.0026473232462622363
3240.5860805860807 0.001358943919792538
3243.0769230769233 0.00014522040516535024
3245.5677655677655 0.0015443378140353032
3248.058608058608 0.00312943890256374
3250.5494505494507 0.004041018005227625
3253.040293040293 0.00286688781897653
3255.5311355311355 0.004241473388856408
3258.021978021978 0.0037392008642398123
3260.512820512821 0.002934836923384985
3263.003663003663 0.002742406442909079
3265.4945054945056 0.0038703304648904924
3267.985347985348 0.003456764247909636
3270.4761904761904 0.0017686399817053021
3272.967032967033 0.0010919114707128516
3275.4578754578756 0.0028218664841317296
3277.948717948718 0.003495494560166707
3280.4395604395604 0.004228614915843778
3282.930402930403 0.004096812949393391
3285.4212454212457 0.005785692457716351
3287.912087912088 0.003139981700509599
3290.4029304029305 0.0013915851234559036
3292.893772893773 0.0015553591218034112
3295.3846153846152 0.0010172027048606894
3297.875457875458 0.0024849971462440105
3300.3663003663005 0.0018495149114477372
3302.857142857143 0.0026487688854076583
3305.3479853479853 0.0012545400789715493
3307.838827838828 0.0008418720600777819
3310.3296703296705 0.0010321985446086661
3312.8205128205127 0.002752337287417765
3315.3113553113553 0.0034389668319790073
3317.802197802198 0.001948272984772125
3320.29304029304 0.00028307851006087627
3322.7838827838827 0.00020761171600646008
3325.2747252747254 0.0009171198183205183
3327.765567765568 0.0005459528757255689
3330.25641025641 0.00031539276981659584
3332.747252747253 0.002181690671793578
3335.2380952380954 0.002015583988440662
3337.7289377289376 0.0016569515229747827
3340.21978021978 0.0016633547546495027
3342.710622710623 0.0019073489168124692
3345.2014652014655 0.0016851442217929499
3347.6923076923076 0.002536355048486295
3350.1831501831502 0.002914650593501502
3352.673992673993 0.0030408049550519826
3355.164835164835 0.0020000630967153643
3357.6556776556777 0.002164675753033094
3360.1465201465203 0.0027076083293473426
3362.6373626373625 0.001509621327464746
3365.128205128205 0.0012664652962796979
3367.6190476190477 0.001323354565378652
3370.1098901098903 0.0018104890573935612
3372.6007326007325 0.0023932277568591673
3375.091575091575 0.0025609919334557587
3377.5824175824177 0.0033577668957972045
3380.07326007326 0.0015882276478532856
3382.5641025641025 0.0016680478210887285
3385.054945054945 0.0014345221289816283
3387.545787545788 0.0008564579065891079
3390.03663003663 0.00014702615782947908
3392.5274725274726 0.000516027233599883
3395.018315018315 0.0015432365839818868
3397.5091575091574 0.0012842842444370308
3400.0 0.0016424088854137078
3402.4908424908426 0.002013334541473381
3404.9816849816852 0.001384790186037096
3407.4725274725274 0.002667219119324154
3409.96336996337 0.002109366878611472
3412.4542124542127 0.0026251580718155594
3414.945054945055 0.0016212923443562615
3417.4358974358975 0.0021826928065409035
3419.92673992674 0.001887773296855565
3422.4175824175823 0.0011822497977380575
3424.908424908425 0.00030680928314445754
3427.3992673992675 0.0013285667550483485
3429.89010989011 0.0013563462471853924
3432.3809523809523 0.002507437931499551
3434.871794871795 0.002405715312910114
3437.3626373626375 0.0014729063135118592
3439.8534798534797 0.001442576092122887
3442.3443223443223 0.0015386790210180782
3444.835164835165 0.0023222504827078165
3447.3260073260076 0.0007060704562586496
3449.8168498168498 0.0004037560875618737
3452.3076923076924 0.0006444542005610702
3454.798534798535 0.0005009873834091444
3457.289377289377 0.0011252729821564812
3459.78021978022 0.0006343161566727606
3462.2710622710624 0.0014573608555502472
3464.7619047619046 0.0020685828529706306
3467.252747252747 0.0015978009764340616
3469.74358974359 0.0014151724222493953
3472.2344322344325 0.0014580367550155778
3474.7252747252746 0.0015614203123805186
3477.2161172161173 0.0020013438853157977
3479.70695970696 0.0017225094872818805
3482.197802197802 0.0005466978544678035
3484.6886446886447 0.001268923715078325
3487.1794871794873 0.0010736830114434662
3489.67032967033 0.0011072299513401962
3492.161172161172 0.0008928876582885346
3494.6520146520147 0.0014879908948602185
3497.1428571428573 0.0014538405323569969
3499.6336996336995 0.0014501091610255024
3502.124542124542 0.002143316561547897
3504.6153846153848 0.002018055419073072
3507.1062271062274 0.0017248309565109762
3509.5970695970695 0.0009199487138480418
3512.087912087912 0.0013295472285714913
3514.578754578755 0.0014200013761671501
3517.069597069597 0.0008461922075984004
3519.5604395604396 0.0005394114751032
3522.051282051282 0.0008416272417148865
3524.5421245421244 0.0006763762256190747
3527.032967032967 0.000969455815533018
3529.5238095238096 0.001218007185233692
3532.0146520146523 0.0009082596497576425
3534.5054945054944 0.0014426713769775889
3536.996336996337 0.0018843216275107664
3539.4871794871797 0.0009118202254615444
3541.978021978022 0.001349149997995451
3544.4688644688645 0.0006872668656013035
3546.959706959707 0.0010436659859899434
3549.4505494505497 0.00026471457847351154
3551.941391941392 0.0005280815083427493
3554.4322344322345 0.0008386300056931325
3556.923076923077 0.0005857892440796282
3559.4139194139193 0.0014865333865535242
3561.904761904762 0.0007854927945697362
3564.3956043956046 0.001041107719474308
3566.8864468864467 0.0007816370342388875
3569.3772893772893 0.0008187066007103232
3571.868131868132 0.0007679636141743817
3574.3589743589746 0.00031060480751141686
3576.8498168498168 0.00086749928044635
3579.3406593406594 0.0013005339163690165
3581.831501831502 0.00015242689826844817
3584.322344322344 0.0008557707734482531
3586.813186813187 0.0015590775790391255
3589.3040293040294 0.0008192984829198466
3591.794871794872 0.0003902140745549936
3594.285714285714 0.001121851463572499
3596.776556776557 0.0018410913243677054
3599.2673992673995 0.0013916834793978761
3601.7582417582416 0.001021479772864755
3604.2490842490843 0.00025558594902951655
3606.739926739927 0.001369711601438794
3609.230769230769 0.0011694202032943312
3611.7216117216117 0.0007927163507281829
3614.2124542124543 0.00044941073231691845
3616.703296703297 0.0015262809279200345
3619.194139194139 0.0021928919362672016
3621.6849816849817 0.0017835856067059046
3624.1758241758243 0.001116211405067915
3626.6666666666665 0.0012710168659940517
3629.157509157509 0.0012560027954117152
3631.6483516483518 0.0009001533097004854
3634.1391941391944 0.0011228544955120378
3636.6300366300366 0.0013853236072689581
3639.120879120879 0.0008701572186438958
3641.611721611722 0.0014277764115234266
3644.102564102564 0.0015557101354453967
3646.5934065934066 0.0006840432665444336
3649.084249084249 0.0010603010947586302
3651.575091575092 0.0017377384986990718
3654.065934065934 0.0012015795174946356
3656.5567765567766 0.0011385941635523114
3659.0476190476193 0.0018561314911970856
3661.5384615384614 0.00046222882871160966
3664.029304029304 0.0007409917433364607
3666.5201465201467 0.0020445095396712286
3669.010989010989 0.0026492433723710193
3671.5018315018315 0.0024286677821694644
3673.992673992674 0.0027451219888802525
3676.4835164835167 0.0034486470703696476
3678.974358974359 0.003417963898300154
3681.4652014652015 0.0035097765951675386
3683.956043956044 0.003185873227233887
3686.4468864468863 0.0030675847784029375
3688.937728937729 0.0035027318477059686
3691.4285714285716 0.002725715632766723
3693.919413919414 0.003275367645202245
3696.4102564102564 0.0026063552952322543
3698.901098901099 0.0017858824386279071
3701.3919413919416 0.0011658819074173126
3703.8827838827838 0.000848787580429793
3706.3736263736264 0.0002343656506999942
3708.864468864469 0.0008387425445578918
3711.355311355311 0.0007035437453149433
3713.846153846154 0.0011825066139008885
3716.3369963369964 0.0018400870206198717
3718.827838827839 0.0022735037894211474
3721.3186813186812 0.002428365122625843
3723.809523809524 0.002670348639472551
3726.3003663003665 0.001386132403082539
3728.7912087912086 0.001576806860055191
3731.2820512820513 0.0011456311558758773
3733.772893772894 0.0010919537795102854
3736.2637362637365 0.0008406398227171683
3738.7545787545787 0.0002922115430766608
3741.2454212454213 0.0008950340357038608
3743.736263736264 0.0013185137908852073
3746.227106227106 0.0011146038601234861
3748.7179487179487 0.0007460474946559255
3751.2087912087914 0.00042288116118141344
3753.6996336996335 0.00012338610906077927
3756.190476190476 0.0006603812500586549
3758.6813186813188 0.0017672519284268955
3761.1721611721614 0.0028655737232450022
3763.6630036630036 0.0016240149912365557
3766.153846153846 0.0012776913053816443
3768.644688644689 0.002685212615189571
3771.135531135531 0.0031802554304342294
3773.6263736263736 0.001289093949936648
3776.1172161172162 0.0024956680595745982
3778.608058608059 0.0024398707362416707
3781.098901098901 0.003166788371071868
3783.5897435897436 0.0020966903464222034
3786.0805860805863 0.003923117638172508
3788.5714285714284 0.003020207683584193
3791.062271062271 0.0018801476592434066
3793.5531135531137 0.0025082604587876906
3796.0439560439563 0.0028489712980760925
3798.5347985347985 0.0008479829702233508
3801.025641025641 0.0009367066712708844
3803.5164835164837 0.0014660553861696258
3806.007326007326 0.00204679941102605
3808.4981684981685 0.0007946800935826341
3810.989010989011 0.0013012624784724276
3813.4798534798533 0.0017229422936028181
3815.970695970696 0.0016394598221598931
3818.4615384615386 0.0009096995452655508
3820.952380952381 0.0012085051003032706
3823.4432234432234 0.0028708620397834943
3825.934065934066 0.0013814871970321619
3828.4249084249086 0.0013755703175169299
3830.915750915751 0.0003209134699841753
3833.4065934065934 0.0011044736365143106
3835.897435897436 0.0013056006223122116
3838.3882783882786 0.0006475992318089867
3840.879120879121 0.0018090087674098017
3843.3699633699634 0.002622405841760429
3845.860805860806 0.0006205432470896558
3848.3516483516482 0.0019491900675847028
3850.842490842491 0.002613947196000511
3853.3333333333335 0.0023889487676072526
3855.8241758241757 0.003294504940776591
3858.3150183150183 0.003615257261580085
3860.805860805861 0.004037652331173534
3863.2967032967035 0.0040793240130032014
3865.7875457875457 0.0038463149822753426
3868.2783882783883 0.004427420407022077
3870.769230769231 0.0025294539557352224
3873.260073260073 0.002693859561065306
3875.7509157509157 0.004583770425197606
3878.2417582417584 0.0031418038386318917
3880.732600732601 0.004076353558291155
3883.223443223443 0.0032349455670823784
3885.714285714286 0.00545443341775241
3888.2051282051284 0.0057020113685032564
3890.6959706959706 0.005706193069253324
3893.186813186813 0.005859470264088173
3895.677655677656 0.004676378488427684
3898.1684981684984 0.0043592789520064896
3900.6593406593406 0.0038005304662299924
3903.1501831501832 0.0015408651249451642
3905.641025641026 0.0009519239340901646
3908.131868131868 0.0018343217466552954
3910.6227106227107 0.00039927927790227817
3913.1135531135533 0.00027796934906563033
3915.6043956043954 0.001570870031051829
3918.095238095238 0.0045617513329928696
3920.5860805860807 0.006952252600662625
3923.0769230769233 0.0038693836290801787
3925.5677655677655 0.0018662485223610809
3928.058608058608 0.0051167616951770965
3930.5494505494507 0.00456813382679611
3933.040293040293 0.002371741445034888
3935.5311355311355 0.005419931458184977
3938.021978021978 0.005061190132458469
3940.512820512821 0.0010006803883052934
3943.003663003663 0.003983573744323027
3945.4945054945056 0.004496707306868878
3947.985347985348 0.0031193455072510107
3950.4761904761904 0.0016003567368969062
3952.967032967033 0.0042361575692348484
3955.4578754578756 0.00254889330747538
3957.948717948718 0.002395237464571999
3960.4395604395604 0.0010138785927615872
3962.930402930403 0.0016515508504761263
3965.4212454212457 0.003733924597719546
3967.912087912088 0.004265844912826101
3970.4029304029305 0.003786132850628189
3972.893772893773 0.0027303647041530196
3975.3846153846152 0.0017204249840772074
3977.875457875458 0.0026951067986781315
3980.3663003663005 0.002269057079936238
3982.857142857143 0.002413291871730756
3985.3479853479853 0.001329975162257945
3987.838827838828 0.0027157674968151706
3990.3296703296705 0.002090971128058955
3992.8205128205127 0.003973304005439124
3995.3113553113553 0.0051139471419713485
3997.802197802198 0.0038749420961384446
4000.29304029304 0.0023123639632495127
4002.7838827838827 0.0024955221756317657
4005.2747252747254 0.0021966662279029217
4007.765567765568 0.001350390381421914
4010.25641025641 0.001800776160749494
4012.747252747253 0.0012618033407968863
4015.2380952380954 0.0014382721566743634
4017.7289377289376 0.0025635778792399673
4020.21978021978 0.003259027169877693
4022.710622710623 0.0025770118263932188
4025.2014652014655 0.0019816505596371393
4027.6923076923076 0.0018497774508575181
4030.1831501831502 0.002505023627476964
4032.673992673993 0.0029176915412208308
4035.164835164835 0.002721985643814158
4037.6556776556777 0.0020890914869234347
4040.1465201465203 0.0020665465512844576
4042.637362637363 0.001911764792687582
4045.128205128205 0.0015907062675222404
4047.6190476190477 0.0014894652106904234
4050.1098901098903 0.0025851454836122666
4052.6007326007325 0.002268649564571007
4055.091575091575 0.0013184914594363225
4057.5824175824177 0.0021128143304879696
4060.07326007326 0.002509510460171853
4062.5641025641025 0.0016178942762908998
4065.054945054945 0.0019296163956377256
4067.545787545788 0.001665769125732852
4070.03663003663 0.002090512253734196
4072.5274725274726 0.0006488239392021171
4075.018315018315 0.0011919050885468665
4077.5091575091574 0.0012986412066712835
4080.0 0.002302019225664872
4082.4908424908426 0.0022383462988367605
4084.9816849816852 0.0022089619014202325
4087.4725274725274 0.0014103943455352605
4089.96336996337 0.0005836502427289408
4092.4542124542127 0.001621942468116942
4094.945054945055 0.0018546896231119686
4097.4358974358975 0.0002175054425184605
4099.92673992674 0.0022526807842896722
4102.417582417583 0.0027577821298590643
4104.908424908425 0.0035485330111080762
4107.399267399267 0.0029461960067738518
4109.89010989011 0.003948374002008064
4112.380952380952 0.004063035233073512
4114.871794871795 0.002831096844960555
4117.3626373626375 0.0019029198288488484
4119.85347985348 0.0018325852209270111
4122.344322344323 0.0017742695403070911
4124.8351648351645 0.003774109497025059
4127.326007326007 0.00555333773244789
4129.81684981685 0.005407922873346001
4132.307692307692 0.003709164077921673
4134.798534798535 0.004010781025401603
4137.289377289378 0.005047467536724854
4139.78021978022 0.00530311611157271
4142.271062271062 0.004209156046210491
4144.761904761905 0.004755024487149319
4147.252747252747 0.0038691267534061917
4149.74358974359 0.0019435946432094235
4152.2344322344325 0.002356201576429148
4154.725274725275 0.0038123274463123698
4157.216117216118 0.00266234976174976
4159.706959706959 0.0015518544142910317
4162.197802197802 0.0015548928340151087
4164.688644688645 0.0019125429421729245
4167.179487179487 0.003383973016042804
4169.67032967033 0.00245659884731169
4172.1611721611725 0.003322468664577697
4174.652014652014 0.004054137441386747
4177.142857142857 0.002227471339434438
4179.6336996336995 0.001558251413603836
4182.124542124542 0.001090247612268101
4184.615384615385 0.0006727605574935303
4187.106227106227 0.0019163658466383037
4189.59706959707 0.0017853477095232859
4192.087912087912 0.0008716509408227223
4194.578754578754 0.00044066487425050804
4197.069597069597 0.00191121189862295
4199.56043956044 0.002391265487570033
4202.051282051282 0.002878147810517942
4204.542124542125 0.002567100968055475
4207.0329670329675 0.0032066158809579354
4209.523809523809 0.003852603642594077
4212.014652014652 0.0039808193784722215
4214.505494505494 0.00482687962347464
4216.996336996337 0.005051959034694916
4219.48717948718 0.004832357306855479
4221.978021978022 0.004687625648504657
4224.468864468865 0.005198111269202625
4226.959706959707 0.006251507125899539
4229.450549450549 0.0060045781191707635
4231.941391941392 0.004861500073687181
4234.4322344322345 0.0037165170426120856
4236.923076923077 0.0026821278707309442
4239.41391941392 0.001609237958140382
4241.904761904762 0.0024725051348701583
4244.395604395604 0.003790341708787338
4246.886446886447 0.004438924054112915
4249.377289377289 0.004318631470073679
4251.868131868132 0.005800741473795707
4254.358974358975 0.006206803423569523
4256.849816849817 0.004026162208261687
4259.34065934066 0.003631276584746144
4261.831501831502 0.00423181769289348
4264.322344322344 0.005841440782704455
4266.813186813187 0.005919360396108715
4269.304029304029 0.0043809940741997705
4271.794871794872 0.0020893886217011044
4274.285714285715 0.0017648122968779163
4276.776556776556 0.002819510161051288
4279.267399267399 0.0047171044885815396
4281.758241758242 0.005220126216317059
4284.249084249084 0.003125713929316638
4286.739926739927 0.0009646662254669134
4289.2307692307695 0.0014235241424565878
4291.721611721612 0.0022609081321543385
4294.212454212454 0.002292274507854874
4296.7032967032965 0.0031277368504013126
4299.194139194139 0.002245530906658879
4301.684981684982 0.00243325729456003
4304.175824175824 0.001623047175516675
4306.666666666667 0.0015017644333463606
4309.15750915751 0.0025949501563145867
4311.648351648351 0.002698747033398461
4314.139194139194 0.0006317013672862711
4316.630036630037 0.0015349148293574018
4319.120879120879 0.001551226090628494
4321.611721611722 0.0006378751752125933
4324.102564102564 0.001415095287171428
4326.593406593407 0.0012256930120515923
4329.084249084249 0.0028897444345266153
4331.575091575091 0.004654609332279825
4334.065934065934 0.006237288328424022
4336.556776556777 0.0040691689171924094
4339.047619047619 0.0031289492414298234
4341.538461538462 0.002940084476155313
4344.0293040293045 0.004411548922934141
4346.520146520146 0.006086089999114687
4349.010989010989 0.004193408646424446
4351.5018315018315 0.00305793621760638
4353.992673992674 0.002039123833660856
4356.483516483517 0.001391326832854968
4358.974358974359 0.0023699105352270418
4361.465201465202 0.0030242346307325784
4363.956043956044 0.0018301461812184874
4366.446886446886 0.0028119731352604493
4368.937728937729 0.0031252951886837584
4371.428571428572 0.002532372313832347
4373.919413919414 0.0017519200037092396
4376.410256410257 0.0008753890526902418
4378.9010989010985 0.002251471647531785
4381.391941391941 0.0038643798457051017
4383.882783882784 0.0045478325851642295
4386.373626373626 0.0026992497460096966
4388.864468864469 0.004251438835312024
4391.355311355312 0.0038238030326503817
4393.846153846154 0.0039042318851271515
4396.336996336996 0.0037919038545092703
4398.827838827839 0.0018623177978363136
4401.318681318681 0.0007207598499813662
4403.809523809524 0.004342185161315466
4406.3003663003665 0.004958151830320234
4408.791208791209 0.004089233277972632
4411.282051282052 0.0036729603280789965
4413.772893772893 0.0030826973000097914
4416.263736263736 0.0029470033399426406
4418.754578754579 0.0030682122434319632
4421.245421245421 0.002110710851242345
4423.736263736264 0.003295676229555039
4426.227106227107 0.002935794124582743
4428.717948717949 0.0023962735256779426
4431.208791208791 0.0014889200254321342
4433.6996336996335 0.0036026358708737168
4436.190476190476 0.0029623683292006433
4438.681318681319 0.00410423459796711
4441.172161172161 0.002344194940286258
4443.663003663004 0.00046876471040316055
4446.153846153847 0.0024152368218347538
4448.644688644688 0.003784860352137948
4451.135531135531 0.004389474077813931
4453.626373626374 0.0034751352427033256
4456.117216117216 0.0011558636388217557
4458.608058608059 0.0026271514497652757
4461.0989010989015 0.0019915585070742455
4463.589743589744 0.0013183082532358997
4466.080586080586 0.0017734180973735284
4468.571428571428 0.0004185118277124996
4471.062271062271 0.0019763713620344434
4473.553113553114 0.0034653139690582428
4476.043956043956 0.0031348715550864195
4478.534798534799 0.0028536713850247503
4481.025641025641 0.0039742753494609
4483.516483516483 0.0038686596409299025
4486.007326007326 0.00269993423882746
4488.4981684981685 0.0021778082964753614
4490.989010989011 0.001907845599316221
4493.479853479854 0.0018210321054024613
4495.970695970696 0.002231899066205308
4498.461538461538 0.002519083531091211
4500.952380952381 0.002376173879846244
4503.443223443223 0.003552686785797621
4505.934065934066 0.003000618396575969
4508.424908424909 0.003315491910461242
4510.915750915751 0.0032471727263182937
4513.406593406594 0.003378918131150193
4515.897435897436 0.0025740536717231695
4518.388278388278 0.0025867680035389965
4520.879120879121 0.0022387144271947663
4523.369963369963 0.00139704037797546
4525.860805860806 0.001413178695768112
4528.351648351649 0.0013067748279522273
4530.842490842491 0.0015363280080796884
4533.333333333333 0.0007225037737605428
4535.824175824176 0.0028855101640802225
4538.315018315018 0.003432188788528317
4540.805860805861 0.0024582935014483406
4543.2967032967035 0.002779148762451531
4545.787545787546 0.0028524589130442253
4548.278388278389 0.002996280974135079
4550.7692307692305 0.0007046427018334949
4553.260073260073 0.0002730615997924033
4555.750915750916 0.0015737742687871048
4558.241758241758 0.0016666363475954082
4560.732600732601 0.0036204272699814173
4563.223443223444 0.0037220718178972777
4565.714285714285 0.0014054085206324596
4568.205128205128 0.001596808046345156
4570.695970695971 0.000993604171553879
4573.186813186813 0.0021249960944145475
4575.677655677656 0.0009484166248672624
4578.168498168498 0.00023958334708710797
4580.659340659341 0.0011689484123209046
4583.150183150183 0.0021873477743740693
4585.641025641025 0.0035966613941005136
4588.131868131868 0.0035230042197171496
4590.622710622711 0.003923398189016017
4593.113553113553 0.002160560014383324
4595.604395604396 0.003050087054627816
4598.0952380952385 0.004548875984039058
4600.58608058608 0.004414118073164993
4603.076923076923 0.004745261014227484
4605.5677655677655 0.002498873689041166
4608.058608058608 0.0022661913384071316
4610.549450549451 0.0013752448962314745
4613.040293040293 0.0018811935662216763
4615.531135531136 0.000985251162517746
4618.021978021978 0.0027827990079498694
4620.51282051282 0.003371211159154288
4623.003663003663 0.004045343467505069
4625.494505494506 0.004056241791490222
4627.985347985348 0.004737241959836495
4630.476190476191 0.004135584660192975
4632.967032967033 0.004563464921300091
4635.457875457875 0.004129004481432412
4637.948717948718 0.0032366385960593156
4640.43956043956 0.00227535884254041
4642.930402930403 0.0008623009575445555
4645.421245421246 0.00234376972976363
4647.912087912088 0.003485952036907538
4650.402930402931 0.00294823376861942
4652.893772893773 0.0028464430171403683
4655.384615384615 0.002975385755402804
4657.875457875458 0.002238561213771446
4660.3663003663005 0.001666143368123446
4662.857142857143 0.0019003529131406858
4665.347985347986 0.0021615167457273033
4667.8388278388275 0.0021433273296578227
4670.32967032967 0.0021239374971797316
4672.820512820513 0.0021253046539477533
4675.311355311355 0.0025999520359543185
4677.802197802198 0.003467225823613354
4680.293040293041 0.0022829116062882803
4682.783882783883 0.0016153845109325338
4685.274725274725 0.002837644063375111
4687.7655677655675 0.0028494451296557878
4690.25641025641 0.0026972964338276787
4692.747252747253 0.0023366209258209904
4695.238095238095 0.0026324617281296117
4697.728937728938 0.0022297402310645096
4700.219780219781 0.0018678396904324478
4702.710622710622 0.0021791582558980133
4705.201465201465 0.0019570616397180467
4707.692307692308 0.0012430427108593841
4710.18315018315 0.0008696998608557964
4712.673992673993 0.0010317475819124646
4715.1648351648355 0.00044686090572057394
4717.655677655678 0.00022097736747885943
4720.14652014652 0.0009530443418015507
4722.6373626373625 0.0010670634592972776
4725.128205128205 0.0015071211397585747
4727.619047619048 0.0018654053709492918
4730.10989010989 0.002071786672992567
4732.600732600733 0.001681337579249435
4735.091575091576 0.0019802221869104535
4737.582417582417 0.0016842999242563921
4740.07326007326 0.0005068743116706959
4742.5641025641025 0.0014628390263852784
4745.054945054945 0.001743134278512327
4747.545787545788 0.0019050229261502625
4750.03663003663 0.002394140673256883
4752.527472527473 0.0019177925386371268
4755.018315018315 0.0017180861946309571
4757.509157509157 0.00166434395833029
4760.0 0.0015758652366310148
4762.490842490843 0.0016017490029779416
4764.981684981685 0.002466791312784056
4767.472527472528 0.0034474235584830825
4769.96336996337 0.003288610275486969
4772.454212454212 0.0032095285763933707
4774.945054945055 0.003148830541047234
4777.4358974358975 0.003237388816611845
4779.92673992674 0.003156615441817568
4782.417582417583 0.004021755954829006
4784.908424908425 0.004466707183365956
4787.399267399267 0.00411031812356852
4789.89010989011 0.003748498296164356
4792.380952380952 0.0030671887015494537
4794.871794871795 0.002757461298960529
4797.3626373626375 0.0033667394517984703
4799.85347985348 0.003731826156570312
4802.344322344323 0.0032300480209342185
4804.8351648351645 0.002781069891786891
4807.326007326007 0.0022958149066227697
4809.81684981685 0.0019295202252713518
4812.307692307692 0.0013866352592495808
4814.798534798535 0.0006633320761505354
4817.289377289378 0.0008883717366135953
4819.78021978022 0.000722616128106832
4822.271062271062 0.0002931299798961597
4824.761904761905 0.0015716618698879566
4827.252747252747 0.002519435991844429
4829.74358974359 0.0022620659384417784
4832.2344322344325 0.001425298959689237
4834.725274725275 0.0014111058448171372
4837.216117216118 0.0006777706133059975
4839.706959706959 0.0008116654627292897
4842.197802197802 0.0011131099324434561
4844.688644688645 0.0011908613512460855
4847.179487179487 0.0007171526835685211
4849.67032967033 0.0015550296115631318
4852.1611721611725 0.0013382284815459187
4854.652014652015 0.0003673791666942915
4857.142857142857 0.001899664592035995
4859.6336996336995 0.002451741803435313
4862.124542124542 0.0029619230840754033
4864.615384615385 0.002065211084334589
4867.106227106227 0.0022654916294109666
4869.59706959707 0.0028134804473736053
4872.087912087912 0.0023698458907386215
4874.578754578754 0.0007537453598597958
4877.069597069597 0.0006641978751847106
4879.56043956044 0.0016239134977110731
4882.051282051282 0.002918339545996154
4884.542124542125 0.003263470659150211
4887.0329670329675 0.0026100588595345544
4889.523809523809 0.001979160412049836
4892.014652014652 0.0031474313953853113
4894.505494505494 0.002951383114856502
4896.996336996337 0.004008038585151372
4899.48717948718 0.003357769086808669
4901.978021978022 0.002239698945993137
4904.468864468865 0.0018412251860836398
4906.959706959707 0.0015432292922933962
4909.450549450549 0.0019348365399897763
4911.941391941392 0.0023659192529221786
4914.4322344322345 0.002454537006138782
4916.923076923077 0.002593622327319168
4919.41391941392 0.004052288175330719
4921.904761904762 0.004007374458951631
4924.395604395604 0.0040550085905912804
4926.886446886447 0.004660266105739112
4929.377289377289 0.004361647760532967
4931.868131868132 0.0020787412556021257
4934.358974358975 0.0013102027828308382
4936.849816849817 0.0005215010851844447
4939.34065934066 0.0018743011322177594
4941.831501831502 0.002809480107840747
4944.322344322344 0.003352561868721728
4946.813186813187 0.003142458859099457
4949.304029304029 0.0015917328282924522
4951.794871794872 0.0020507303546845436
4954.285714285715 0.0011537612359805846
4956.776556776556 0.0012077464108820792
4959.267399267399 0.0022806426323883897
4961.758241758242 0.0013188571421672817
4964.249084249084 0.002470938183354931
4966.739926739927 0.0017579013081757532
4969.2307692307695 0.001996008098545177
4971.721611721612 0.0019708496729579643
4974.212454212454 0.0015713670188328445
4976.7032967032965 0.0013505845057991182
4979.194139194139 0.000974284382518609
4981.684981684982 0.000591918779143095
4984.175824175824 0.001726844205953819
4986.666666666667 0.002274417982600856
4989.15750915751 0.0020090705029710623
4991.648351648351 0.002243391561528118
4994.139194139194 0.0028327217184057492
4996.630036630037 0.0023807040247502357
4999.120879120879 0.0022185164788164906
5001.611721611722 0.0024899011079108973
5004.102564102564 0.0026937900487925253
5006.593406593407 0.002333915624500963
5009.084249084249 0.0027706971693014374
5011.575091575091 0.002111651807664111
5014.065934065934 0.0001776134495364719
5016.556776556777 0.0011744345003417728
5019.047619047619 0.001131762328238569
5021.538461538462 0.0025970791362482466
5024.0293040293045 0.0031874174268869187
5026.520146520146 0.003656376113518522
5029.010989010989 0.0034152137814912613
5031.5018315018315 0.004623111306685485
5033.992673992674 0.00423595654129714
5036.483516483517 0.002700722223630287
5038.974358974359 0.0024433320437046444
5041.465201465202 0.0019287331651109678
5043.956043956044 0.0010724448824888622
5046.446886446886 0.002487458291010286
5048.937728937729 0.0027344129531909275
5051.428571428572 0.0031639432791703724
5053.919413919414 0.003014125729240135
5056.410256410257 0.0034301261244309884
5058.9010989010985 0.002539452533122307
5061.391941391941 0.0014180253059837575
5063.882783882784 0.002472582780463808
5066.373626373626 0.0032097457214382186
5068.864468864469 0.0026274538580569333
5071.355311355312 0.001149502788985003
5073.846153846154 0.0005642062668997684
5076.336996336996 0.000318017311930336
5078.827838827839 0.0013501488182712338
5081.318681318681 0.0006429238489678813
5083.809523809524 0.0013757998318004105
5086.3003663003665 0.0025595720927228025
5088.791208791209 0.002037543551370668
5091.282051282052 0.0022143560724678826
5093.772893772893 0.0023424809720039175
5096.263736263736 0.0023292572576694348
