0.0 0.006311897048750508
2.490842490842491 0.0005091075257246372
4.981684981684982 0.0005370255234756014
7.472527472527473 0.0015009480971320637
9.963369963369964 0.004295570518553751
12.454212454212454 0.0029502614197015505
14.945054945054945 0.0035789101032816634
17.435897435897438 0.0010779053442343978
19.926739926739927 0.0012707263897470537
22.417582417582416 0.0021676034623606152
24.90842490842491 0.0002515862543993311
27.3992673992674 0.00040486806647611705
29.89010989010989 0.0007788006213969379
32.38095238095238 0.0008718955405828264
34.871794871794876 0.001008851164674091
37.362637362637365 0.0012772813640059746
39.853479853479854 0.0013055863117423638
42.34432234432234 0.0013199881712551767
44.83516483516483 0.001390319601906661
47.32600732600733 0.0011306498720284432
49.81684981684982 0.0008088147920490774
52.30769230769231 0.0012475455174289234
54.7985347985348 0.000708107040790269
57.28937728937729 0.00046215658201203424
59.78021978021978 0.0010829663977291115
62.27106227106227 0.0007804366459547994
64.76190476190476 0.001245066953490551
67.25274725274726 0.0013052597104776774
69.74358974358975 0.001197467331569881
72.23443223443223 0.0011052969672875942
74.72527472527473 0.0017979478790868377
77.21611721611721 0.0018876597272351441
79.70695970695971 0.002008165635984584
82.1978021978022 0.0026130862644231936
84.68864468864469 0.003137454118484434
87.17948717948718 0.003343965969125482
89.67032967032966 0.0034515552643201186
92.16117216117216 0.00429581686811013
94.65201465201466 0.0052420402808180016
97.14285714285714 0.00437001776458413
99.63369963369964 0.004632135380608982
102.12454212454213 0.005429654699142611
104.61538461538461 0.005665931463911869
107.10622710622711 0.003991446977214375
109.5970695970696 0.003127795545631714
112.08791208791209 0.003981228441470399
114.57875457875458 0.004325441597605261
117.06959706959707 0.002824997971879526
119.56043956043956 0.004633376398878502
122.05128205128206 0.006647375844773539
124.54212454212454 0.0044753744879828085
127.03296703296704 0.0022388235481192323
129.52380952380952 0.005937200691432054
132.01465201465203 0.005363381470400695
134.5054945054945 0.0025147594868739124
136.996336996337 0.006173538088129001
139.4871794871795 0.007912171123324886
141.97802197802199 0.006671242875435812
144.46886446886447 0.0062295528241589175
146.95970695970695 0.009195696550061505
149.45054945054946 0.010255953311065257
151.94139194139194 0.008503356574483593
154.43223443223442 0.007860244182206905
156.92307692307693 0.01066106111650022
159.41391941391942 0.009624709609852462
161.9047619047619 0.0070152663793768945
164.3956043956044 0.00794564963899943
166.8864468864469 0.009581605019728582
169.37728937728937 0.007549443662437857
171.86813186813188 0.005794066836478557
174.35897435897436 0.007320098757792044
176.84981684981685 0.007227162519200844
179.34065934065933 0.0038943846778068908
181.83150183150184 0.003575954688627887
184.32234432234432 0.0038637599297541695
186.8131868131868 0.00397242314292165
189.3040293040293 0.002711618992616747
191.7948717948718 0.0037283317125371925
194.28571428571428 0.002417488306304168
196.7765567765568 0.002295102376020663
199.26739926739927 0.0016477584880192832
201.75824175824175 0.0029241619313986455
204.24908424908426 0.0025910854270517684
206.73992673992674 0.0027706837489598225
209.23076923076923 0.00393310151745774
211.72161172161174 0.0030737761794803545
214.21245421245422 0.006422483932628621
216.7032967032967 0.006218753842964805
219.1941391941392 0.005640885263867264
221.6849816849817 0.007768394477905218
224.17582417582418 0.006665759885645832
226.66666666666666 0.00652408960931658
229.15750915750917 0.0028251853810327965
231.64835164835165 0.005987922644791387
234.13919413919413 0.005255331615784976
236.63003663003664 0.0032357832680753843
239.12087912087912 0.003394750078554529
241.6117216117216 0.006619512791120778
244.10256410256412 0.006314536136337194
246.5934065934066 0.0031122690079825933
249.08424908424908 0.004878859175873919
251.5750915750916 0.006467316313735201
254.06593406593407 0.006038450865023112
256.5567765567766 0.006824279438538916
259.04761904761904 0.008007995532666533
261.53846153846155 0.009368441215035472
264.02930402930406 0.006075762417470032
266.5201465201465 0.0065928036980636125
269.010989010989 0.008833075821205344
271.50183150183153 0.008765732795333228
273.992673992674 0.006534288461313085
276.4835164835165 0.005725873501079874
278.974358974359 0.005536104940179368
281.46520146520146 0.0038723568682080558
283.95604395604397 0.0017113149933901627
286.4468864468864 0.0041903760225789136
288.93772893772893 0.005941919673479803
291.42857142857144 0.006564966302471338
293.9194139194139 0.007117635664758581
296.4102564102564 0.009134537747386555
298.9010989010989 0.0061074129731816555
301.3919413919414 0.0073849616615391305
303.8827838827839 0.004584275979844356
306.3736263736264 0.006952191311418538
308.86446886446885 0.009900656568749108
311.35531135531136 0.008056203611431023
313.84615384615387 0.006241236914646568
316.3369963369963 0.004784091725267785
318.82783882783883 0.010063588642693487
321.31868131868134 0.011836081981868708
323.8095238095238 0.00528124776724325
326.3003663003663 0.006785307323239279
328.7912087912088 0.012460231303387628
331.28205128205127 0.009570899572764401
333.7728937728938 0.0055056785794275614
336.2637362637363 0.006652749693540655
338.75457875457874 0.0084764211602507
341.24542124542126 0.0056039109212826016
343.73626373626377 0.0028664358295390027
346.2271062271062 0.006125803058779755
348.71794871794873 0.007033697516557278
351.20879120879124 0.002228424013729988
353.6996336996337 0.004210562500315043
356.1904761904762 0.004845883353906395
358.68131868131866 0.002604794709529505
361.17216117216117 0.0031240146099825194
363.6630036630037 0.006167516863134892
366.15384615384613 0.00851547040965875
368.64468864468864 0.008872252897649181
371.13553113553115 0.007266216714207865
373.6263736263736 0.011347424379786414
376.1172161172161 0.012854164475437739
378.6080586080586 0.011597317221916028
381.0989010989011 0.014328728998946919
383.5897435897436 0.013483484881864719
386.0805860805861 0.010245164610267575
388.57142857142856 0.008750481731228112
391.06227106227107 0.010596850537855548
393.5531135531136 0.006553909070259254
396.04395604395603 0.007198212613630274
398.53479853479854 0.007600683709216435
401.02564102564105 0.008374893962781424
403.5164835164835 0.00628607805625839
406.007326007326 0.006518448611310419
408.4981684981685 0.00952948367983064
410.989010989011 0.007871568370150997
413.4798534798535 0.003687298772735327
415.970695970696 0.00567669748609025
418.46153846153845 0.005890150117764427
420.95238095238096 0.00426180857589441
423.4432234432235 0.005187649088423114
425.9340659340659 0.005716496505322688
428.42490842490844 0.004920576572431455
430.91575091575095 0.005725329369510653
433.4065934065934 0.0062350407777628306
435.8974358974359 0.007252202590514061
438.3882783882784 0.005111744130674165
440.8791208791209 0.0073581804470468914
443.3699633699634 0.005856004989709857
445.86080586080584 0.004496297395896002
448.35164835164835 0.007571207305303248
450.84249084249086 0.00504398325325393
453.3333333333333 0.007169335890670578
455.8241758241758 0.005630230037432918
458.31501831501834 0.006875419873372937
460.8058608058608 0.006009097741409899
463.2967032967033 0.004898264472294401
465.7875457875458 0.006037625764042043
468.27838827838826 0.004726882240725192
470.7692307692308 0.004775075909008354
473.2600732600733 0.0022656085157582847
475.75091575091574 0.004980981171762425
478.24175824175825 0.006181166881538735
480.73260073260076 0.005220070865044617
483.2234432234432 0.009597016643615841
485.7142857142857 0.007167515512811883
488.20512820512823 0.008356664868336068
490.6959706959707 0.003886835598542552
493.1868131868132 0.008254849026909004
495.6776556776557 0.006314590235057599
498.16849816849816 0.0031591341592645573
500.65934065934067 0.00532040557189449
503.1501831501832 0.006545139188860081
505.64102564102564 0.005425204444213241
508.13186813186815 0.0069200534015804865
510.62271062271066 0.00410203283224522
513.1135531135532 0.007714175454860577
515.6043956043956 0.004914529212360373
518.0952380952381 0.003970074465608565
520.5860805860806 0.0025229354671158543
523.0769230769231 0.004239018592574426
525.5677655677656 0.0039664861331221045
528.0586080586081 0.0036578030763966016
530.5494505494505 0.0017237006682433598
533.040293040293 0.004663090364560946
535.5311355311355 0.006027772517705708
538.021978021978 0.007757361931053732
540.5128205128206 0.00594589324260211
543.0036630036631 0.007420679370352548
545.4945054945055 0.009325225070675581
547.985347985348 0.009929373766025673
550.4761904761905 0.008699506744138769
552.967032967033 0.011571941656743282
555.4578754578755 0.009456405386913435
557.948717948718 0.00711938325803211
560.4395604395604 0.010321183684237562
562.9304029304029 0.009429155488131604
565.4212454212454 0.009603671164802235
567.9120879120879 0.007257367813259745
570.4029304029305 0.009032293935262418
572.8937728937728 0.0091628295268613
575.3846153846154 0.008950595238198312
577.8754578754579 0.007996182379430276
580.3663003663004 0.011958077135640255
582.8571428571429 0.010640667035935426
585.3479853479854 0.008570572591321752
587.8388278388278 0.009873211185060932
590.3296703296703 0.011826454746520595
592.8205128205128 0.006164357444909056
595.3113553113553 0.005863463027208087
597.8021978021978 0.01128697250500657
600.2930402930403 0.008348110969770802
602.7838827838827 0.007347288878537966
605.2747252747253 0.004695175257609813
607.7655677655678 0.010808316924878297
610.2564102564103 0.007969082383724032
612.7472527472528 0.004723054285484142
615.2380952380953 0.0070793137691083806
617.7289377289377 0.009680298541673902
620.2197802197802 0.005503633522620739
622.7106227106227 0.005328760926249687
625.2014652014652 0.00876665620099154
627.6923076923077 0.004718156949791714
630.1831501831502 0.0036336923549609586
632.6739926739926 0.007118189232390076
635.1648351648352 0.006712684315309784
637.6556776556777 0.003259284451953877
640.1465201465202 0.004525118541678588
642.6373626373627 0.00665498175554826
645.1282051282051 0.0050740852293929654
647.6190476190476 0.00451314784256784
650.1098901098901 0.0047022945383683465
652.6007326007326 0.0035366655118509826
655.0915750915751 0.003922331886304167
657.5824175824176 0.005895793540004446
660.07326007326 0.0026827137435697355
662.5641025641025 0.004799462788714692
665.054945054945 0.005543869103867537
667.5457875457876 0.002922193535921143
670.0366300366301 0.0035188663707697854
672.5274725274726 0.003854150259809317
675.018315018315 0.0036721270708609103
677.5091575091575 0.0045031474037701405
680.0 0.004398350397800911
682.4908424908425 0.0060792351229631445
684.981684981685 0.005172079881721165
687.4725274725275 0.004425682722094306
689.9633699633699 0.0050836934142217466
692.4542124542124 0.004914387532135499
694.945054945055 0.0026036497730224325
697.4358974358975 0.0031931250434896314
699.92673992674 0.0026836631036438793
702.4175824175825 0.0028642960424701855
704.9084249084249 0.002458646751338654
707.3992673992674 0.0042604744770117315
709.8901098901099 0.0032801391276565902
712.3809523809524 0.0030469109884573736
714.8717948717949 0.002463317369171481
717.3626373626373 0.003325548367586639
719.8534798534798 0.0023855257172483335
722.3443223443223 0.00296524015367834
724.8351648351648 0.002260703320054886
727.3260073260074 0.0029357692219705313
729.8168498168499 0.0033206143910143697
732.3076923076923 0.0035687471146336005
734.7985347985348 0.003593375607972959
737.2893772893773 0.00262112237248099
739.7802197802198 0.003102860570109566
742.2710622710623 0.0029133208035062694
744.7619047619048 0.00219707412197169
747.2527472527472 0.003052722194973796
749.7435897435897 0.0032312250247588173
752.2344322344322 0.0038392456899672633
754.7252747252747 0.004198470478063803
757.2161172161173 0.005587622688708911
759.7069597069598 0.005979382760330748
762.1978021978022 0.006081543566094655
764.6886446886447 0.007114238755962042
767.1794871794872 0.006784912793866592
769.6703296703297 0.00812500626117489
772.1611721611722 0.007578365578830469
774.6520146520147 0.007824044901318286
777.1428571428571 0.007661673356716733
779.6336996336996 0.008192977024525287
782.1245421245421 0.008085099094399544
784.6153846153846 0.008676182980159527
787.1062271062272 0.008428773857972199
789.5970695970697 0.008764084299027619
792.0879120879121 0.008495697391972373
794.5787545787546 0.008247648211632411
797.0695970695971 0.007996603877609953
799.5604395604396 0.008252653973318506
802.0512820512821 0.00917960510399734
804.5421245421245 0.008308773626840295
807.032967032967 0.009451253386005401
809.5238095238095 0.009521814921236804
812.014652014652 0.0096035898857507
814.5054945054945 0.009309104548819223
816.996336996337 0.009904793259388905
819.4871794871794 0.009394053876349152
821.978021978022 0.008834374285664214
824.4688644688645 0.009200725417615985
826.959706959707 0.009772302511167548
829.4505494505495 0.009264353480714636
831.941391941392 0.00927897929387604
834.4322344322344 0.009872982958890822
836.9230769230769 0.010005975571364187
839.4139194139194 0.0099382928670822
841.9047619047619 0.011360906621736618
844.3956043956044 0.010551981149355391
846.886446886447 0.011108083597355226
849.3772893772893 0.011958081685188167
851.8681318681319 0.012232242106976987
854.3589743589744 0.010882707836671343
856.8498168498169 0.010435834379670174
859.3406593406594 0.011329049000485833
861.8315018315019 0.010352993697253102
864.3223443223443 0.010313435450405499
866.8131868131868 0.009929669509796166
869.3040293040293 0.010581121098685848
871.7948717948718 0.010503032009832753
874.2857142857143 0.008690705618772937
876.7765567765568 0.009887193168350588
879.2673992673992 0.010604879173245957
881.7582417582418 0.0073268856752730606
884.2490842490843 0.007058576737208785
886.7399267399268 0.008698175994388916
889.2307692307693 0.0047022332718292216
891.7216117216117 0.005825831697041979
894.2124542124542 0.006847598938398761
896.7032967032967 0.005915185908445714
899.1941391941392 0.003666842454485932
901.6849816849817 0.003952887112664181
904.1758241758242 0.0033087109979819604
906.6666666666666 0.003749700329640683
909.1575091575091 0.005055578235484499
911.6483516483516 0.004364626015333997
914.1391941391942 0.00543272377569884
916.6300366300367 0.005412906250358843
919.1208791208792 0.007501176847862944
921.6117216117216 0.007288970911197003
924.1025641025641 0.00868779943207796
926.5934065934066 0.006695388109443898
929.0842490842491 0.008198171707453577
931.5750915750916 0.007412187799266047
934.0659340659341 0.006944241799102077
936.5567765567765 0.005889716377460489
939.047619047619 0.007665197276122718
941.5384615384615 0.008259521547361665
944.0293040293041 0.006263020370485095
946.5201465201466 0.007019350115788788
949.0109890109891 0.005315815023137083
951.5018315018315 0.006489179670758196
953.992673992674 0.00489195250720071
956.4835164835165 0.004946794926555535
958.974358974359 0.004258614431103099
961.4652014652015 0.005470958696296053
963.9560439560439 0.0030150423610415325
966.4468864468864 0.0035952882478506496
968.9377289377289 0.003876819735318076
971.4285714285714 0.0027696027751977995
973.919413919414 0.003287151033417568
976.4102564102565 0.0031434020091543635
978.9010989010989 0.0034754995110311154
981.3919413919414 0.003608185129537785
983.8827838827839 0.003184183094655372
986.3736263736264 0.0024628366174327316
988.8644688644689 0.0028855527217903332
991.3553113553114 0.0018656761473641512
993.8461538461538 0.001170893040615622
996.3369963369963 0.001521200049338729
998.8278388278388 0.0013595618446931087
1001.3186813186813 0.0011926131721440652
1003.8095238095239 0.0015236633114999066
1006.3003663003664 0.002757376471395512
1008.7912087912088 0.0027355512152275317
1011.2820512820513 0.0029849681851296466
1013.7728937728938 0.0031343294552010994
1016.2637362637363 0.0033913135303058153
1018.7545787545788 0.0037739306655068736
1021.2454212454213 0.003744504666750629
1023.7362637362637 0.00386921503592708
1026.2271062271063 0.0036231092831954803
1028.7179487179487 0.003834155822365607
1031.2087912087911 0.004657418510282288
1033.6996336996338 0.004098247969050737
1036.1904761904761 0.0035124182179074475
1038.6813186813188 0.004176931680852675
1041.1721611721612 0.0035461558386345932
1043.6630036630036 0.0032007393156095964
1046.1538461538462 0.0039044380954983715
1048.6446886446886 0.0037017568069086155
1051.1355311355312 0.004085255735365438
1053.6263736263736 0.004363586558500941
1056.1172161172162 0.003872565736114988
1058.6080586080586 0.0035399779822827978
1061.098901098901 0.003841249705829068
1063.5897435897436 0.005015697274589472
1066.080586080586 0.003938360825213892
1068.5714285714287 0.002058299980088311
1071.062271062271 0.004684336321390474
1073.5531135531135 0.0033289578508177535
1076.043956043956 0.0019639581589783934
1078.5347985347985 0.003035350861178846
1081.025641025641 0.0023720654496803763
1083.5164835164835 0.0027402512902238592
1086.0073260073261 0.0027114366618549695
1088.4981684981685 0.005498167734570846
1090.989010989011 0.004622845705801105
1093.4798534798535 0.004675225466435082
1095.970695970696 0.0044211869178501255
1098.4615384615386 0.006414495735814677
1100.952380952381 0.004313790089068
1103.4432234432234 0.005334519397983479
1105.934065934066 0.00540053372597716
1108.4249084249084 0.005597978629503235
1110.915750915751 0.005254738362604961
1113.4065934065934 0.004110741913902694
1115.897435897436 0.00404215727918254
1118.3882783882784 0.003051877229159956
1120.8791208791208 0.004187111368712855
1123.3699633699634 0.005944904343032492
1125.8608058608058 0.0041838260746473715
1128.3516483516485 0.006082062836823215
1130.8424908424909 0.00734505520881341
1133.3333333333333 0.006307011150372785
1135.8241758241759 0.004098551567074609
1138.3150183150183 0.0067381902991917935
1140.805860805861 0.004890844367673023
1143.2967032967033 0.0029542907917952978
1145.7875457875457 0.006878562439840416
1148.2783882783883 0.005455193179083481
1150.7692307692307 0.003995406222068472
1153.2600732600733 0.006933598191986012
1155.7509157509157 0.0062304133505771825
1158.2417582417584 0.0063377266796331945
1160.7326007326008 0.00834887595934616
1163.2234432234432 0.005875101629595724
1165.7142857142858 0.006492655590422507
1168.2051282051282 0.007458638723751553
1170.6959706959708 0.0064694979594044945
1173.1868131868132 0.007438281506521621
1175.6776556776556 0.005242064126135871
1178.1684981684982 0.005795141244813319
1180.6593406593406 0.005378700944917675
1183.1501831501832 0.0057962841946980715
1185.6410256410256 0.005735203169491495
1188.1318681318683 0.005744683171878785
1190.6227106227107 0.005177024789526846
1193.113553113553 0.005547086547603342
1195.6043956043957 0.004964637075183711
1198.095238095238 0.0063813094681233334
1200.5860805860807 0.007236136300152724
1203.076923076923 0.005239825557309713
1205.5677655677655 0.004452975665694653
1208.0586080586081 0.00545815332594968
1210.5494505494505 0.004898503129185139
1213.0402930402931 0.003760078617588109
1215.5311355311355 0.004662886213049385
1218.021978021978 0.004319118478031764
1220.5128205128206 0.004333378196924972
1223.003663003663 0.0034666908045225854
1225.4945054945056 0.005355061534616903
1227.985347985348 0.0054080043919007455
1230.4761904761906 0.004433605638053715
1232.967032967033 0.0024802981024371474
1235.4578754578754 0.003623116838840257
1237.948717948718 0.003702259588707318
1240.4395604395604 0.003829040431665902
1242.930402930403 0.002871005285172404
1245.4212454212454 0.004021743244556663
1247.9120879120878 0.003196173547823283
1250.4029304029305 0.0029174925638488346
1252.8937728937728 0.004854881955397686
1255.3846153846155 0.0053256127653105514
1257.8754578754579 0.0035414723740906672
1260.3663003663005 0.004016820880127485
1262.857142857143 0.005885082821203341
1265.3479853479853 0.007700003049067494
1267.838827838828 0.0043444129148160265
1270.3296703296703 0.007490921137487008
1272.820512820513 0.008980995265755673
1275.3113553113553 0.009127877821750903
1277.8021978021977 0.005610497515777341
1280.2930402930403 0.004417711794877604
1282.7838827838827 0.006148795782368537
1285.2747252747254 0.006887849760466767
1287.7655677655678 0.003308427791683846
1290.2564102564102 0.0040396877660957625
1292.7472527472528 0.004373376919035852
1295.2380952380952 0.004209727695399706
1297.7289377289378 0.002911047593210748
1300.2197802197802 0.0019400528074093356
1302.7106227106228 0.0037521808033034953
1305.2014652014652 0.003191515638777877
1307.6923076923076 0.004215561340393696
1310.1831501831502 0.00488761997607385
1312.6739926739926 0.005253534618567447
1315.1648351648353 0.005619407495396383
1317.6556776556777 0.005338577698531678
1320.14652014652 0.0047384491166449294
1322.6373626373627 0.0038799171739438993
1325.128205128205 0.003708071377977438
1327.6190476190477 0.0031380363211488357
1330.10989010989 0.003326905935632545
1332.6007326007327 0.00366486616723311
1335.0915750915751 0.0031041765339352378
1337.5824175824175 0.003977952162384329
1340.0732600732601 0.0036890604770887687
1342.5641025641025 0.0017365825965870104
1345.0549450549452 0.0018197871664082826
1347.5457875457876 0.0029901235125893134
1350.03663003663 0.002503706172656789
1352.5274725274726 0.0031080132652230295
1355.018315018315 0.004020025195712877
1357.5091575091576 0.00230910282173784
1360.0 0.004030639093955173
1362.4908424908424 0.0023568991389946534
1364.981684981685 0.004364962700863774
1367.4725274725274 0.003054177472249431
1369.96336996337 0.0025983676305860637
1372.4542124542124 0.002274037343664761
1374.945054945055 0.0034963647061102194
1377.4358974358975 0.002792281814598023
1379.9267399267399 0.002764158971891075
1382.4175824175825 0.0014756542862962348
1384.9084249084249 0.002080957171479293
1387.3992673992675 0.0021504434706336143
1389.89010989011 0.0011756037373408551
1392.3809523809523 0.0017820044620338253
1394.871794871795 0.001474630667192534
1397.3626373626373 0.002430318102834418
1399.85347985348 0.0030368775472644637
1402.3443223443223 0.0016571364018613012
1404.835164835165 0.001363185248718084
1407.3260073260074 0.0019650113644032606
1409.8168498168498 0.0022842408681163708
1412.3076923076924 0.0010265050691178543
1414.7985347985348 0.002059895580265508
1417.2893772893774 0.0021607211197046147
1419.7802197802198 0.0009765455133555838
1422.2710622710622 0.0016139574619379211
1424.7619047619048 0.0019735716777871874
1427.2527472527472 0.0013283220771793834
1429.7435897435898 0.0022114396767548756
1432.2344322344322 0.002099290407706452
1434.7252747252746 0.001992793124297916
1437.2161172161173 0.0016258103436570632
1439.7069597069597 0.0022486519595673847
1442.1978021978023 0.0020919837944390614
1444.6886446886447 0.0022694942775833525
1447.1794871794873 0.00188581385766753
1449.6703296703297 0.002199517584824458
1452.161172161172 0.003171066247889738
1454.6520146520147 0.0030375076765641316
1457.142857142857 0.002820720109058759
1459.6336996336997 0.002391978955602241
1462.1245421245421 0.00295161367215706
1464.6153846153845 0.0031078921369429406
1467.1062271062272 0.0017849602279980219
1469.5970695970695 0.0031289304407821484
1472.0879120879122 0.0025731486776259427
1474.5787545787546 0.00370102018056807
1477.0695970695972 0.001965502598472281
1479.5604395604396 0.002085551263419217
1482.051282051282 0.0018908408650241159
1484.5421245421246 0.0019255643780710936
1487.032967032967 0.0020836476773215535
1489.5238095238096 0.0020051803038769202
1492.014652014652 0.0028990148512373602
1494.5054945054944 0.0019993646943610673
1496.996336996337 0.0025491281833348455
1499.4871794871794 0.0023953751600917336
1501.978021978022 0.0031754789304374435
1504.4688644688645 0.0034682435329282924
1506.959706959707 0.0030152892422927627
1509.4505494505495 0.0030134424122806786
1511.9413919413919 0.004669072410038925
1514.4322344322345 0.003682567479895885
1516.923076923077 0.003482425184209642
1519.4139194139195 0.00471922014586845
1521.904761904762 0.004813696924611811
1524.3956043956043 0.0021941575253529213
1526.886446886447 0.00542808621840285
1529.3772893772893 0.004774132334551495
1531.868131868132 0.0033035855611049103
1534.3589743589744 0.004008171499526001
1536.8498168498168 0.004858323758703892
1539.3406593406594 0.0034987749660074347
1541.8315018315018 0.004398082907353975
1544.3223443223444 0.0050147874526562655
1546.8131868131868 0.003084507915498151
1549.3040293040294 0.002926638942789581
1551.7948717948718 0.002359232357099695
1554.2857142857142 0.0026574335754379536
1556.7765567765568 0.0026487028988189387
1559.2673992673992 0.003374914606596087
1561.7582417582419 0.00315847219681774
1564.2490842490843 0.003683347254618226
1566.7399267399267 0.0024720006239888344
1569.2307692307693 0.0035471996870304876
1571.7216117216117 0.0021412911441282233
1574.2124542124543 0.002802452956684618
1576.7032967032967 0.003753479598810255
1579.1941391941393 0.003164661152584117
1581.6849816849817 0.001532735649667269
1584.1758241758241 0.00315041672160085
1586.6666666666667 0.002505927610466512
1589.1575091575091 0.0026602945058992744
1591.6483516483518 0.0035640333252185776
1594.1391941391942 0.0031960311877936884
1596.6300366300366 0.0025497596613139172
1599.1208791208792 0.0022819532823365523
1601.6117216117216 0.002952273254323797
1604.1025641025642 0.004007326917358354
1606.5934065934066 0.002859649430640269
1609.084249084249 0.004092964022484263
1611.5750915750916 0.0028881303807456403
1614.065934065934 0.0038537513886606253
1616.5567765567766 0.0037286691514010974
1619.047619047619 0.004692182445580912
1621.5384615384617 0.0028339191978961242
1624.029304029304 0.00358203513493534
1626.5201465201465 0.003638328595404547
1629.010989010989 0.0030329558141978575
1631.5018315018315 0.0045863461573179545
1633.992673992674 0.003720489396050828
1636.4835164835165 0.003642138062921399
1638.974358974359 0.004200436212951871
1641.4652014652015 0.0038576764493913496
1643.956043956044 0.004821703043067877
1646.4468864468865 0.0046951103253342116
1648.937728937729 0.004537462876589778
1651.4285714285716 0.004007165108356353
1653.919413919414 0.00460132609741777
1656.4102564102564 0.00390334151261602
1658.901098901099 0.004535448771922245
1661.3919413919414 0.004135915763370109
1663.882783882784 0.00356662143390921
1666.3736263736264 0.003216723824568151
1668.8644688644688 0.0031537761511925507
1671.3553113553114 0.0040477729172575
1673.8461538461538 0.004432262019366623
1676.3369963369964 0.003463007109131519
1678.8278388278388 0.004415368329607233
1681.3186813186812 0.0039132066560587705
1683.8095238095239 0.005202463393562086
1686.3003663003662 0.004195704745449219
1688.7912087912089 0.0029978587351249223
1691.2820512820513 0.0027792297445961233
1693.772893772894 0.0027291669819402777
1696.2637362637363 0.0029340327721155725
1698.7545787545787 0.0022100682636866475
1701.2454212454213 0.003405728899952305
1703.7362637362637 0.0035738012228775685
1706.2271062271063 0.00391974733329671
1708.7179487179487 0.002495697384417756
1711.2087912087911 0.0017294944143114316
1713.6996336996338 0.002192298993719451
1716.1904761904761 0.0023195323130270518
1718.6813186813188 0.0020047864319237708
1721.1721611721612 0.003039929773087527
1723.6630036630038 0.0012409168035272158
1726.1538461538462 0.0018677354766196295
1728.6446886446886 0.0019404566988853432
1731.1355311355312 0.0012706086378544525
1733.6263736263736 0.0023407419802030085
1736.1172161172162 0.002858894864358194
1738.6080586080586 0.002403901567641372
1741.098901098901 0.004029024802766669
1743.5897435897436 0.0034325293808376554
1746.080586080586 0.00368816913584289
1748.5714285714287 0.0026392832971421968
1751.062271062271 0.0035188642735770963
1753.5531135531137 0.0029207692756526844
1756.043956043956 0.0029895609167312955
1758.5347985347985 0.002402531582732108
1761.025641025641 0.002715639004732401
1763.5164835164835 0.0030052799287711585
1766.0073260073261 0.0031942907327959704
1768.4981684981685 0.002873745380627881
1770.989010989011 0.002407619498034813
1773.4798534798535 0.0027968658073915624
1775.970695970696 0.0025849497899988415
1778.4615384615386 0.0031805164962368858
1780.952380952381 0.0032978909047430786
1783.4432234432234 0.0034949497815166737
1785.934065934066 0.0036039081113128507
1788.4249084249084 0.0022203182698269388
1790.915750915751 0.0033481105345520307
1793.4065934065934 0.003929497632739421
1795.897435897436 0.003661403268185273
1798.3882783882784 0.002448141796027968
1800.8791208791208 0.0032412062051151136
1803.3699633699634 0.0036260794368758887
1805.8608058608058 0.0035877638734625496
1808.3516483516485 0.002206591165941304
1810.8424908424909 0.0028484666847108805
1813.3333333333333 0.004165988990131562
1815.8241758241759 0.0028190507041099384
1818.3150183150183 0.0024568954984750834
1820.805860805861 0.0035616772253010596
1823.2967032967033 0.0023185967544245073
1825.787545787546 0.0025082076566764993
1828.2783882783883 0.003304506132332253
1830.7692307692307 0.0025537057552412023
1833.2600732600733 0.0024363477071314642
1835.7509157509157 0.003595106676734046
1838.2417582417584 0.004526158607428975
1840.7326007326008 0.0033304870371243752
1843.2234432234432 0.003882736029521551
1845.7142857142858 0.004132427113740646
1848.2051282051282 0.0031089525117551664
1850.6959706959708 0.002939189833650546
1853.1868131868132 0.0026712197806101922
1855.6776556776556 0.0027179160938692864
1858.1684981684982 0.0011926969848049215
1860.6593406593406 0.0022183361848183854
1863.1501831501832 0.0024985574921159216
1865.6410256410256 0.002927811693404276
1868.1318681318683 0.002617532982764337
1870.6227106227107 0.0030973746782446544
1873.113553113553 0.0029880075313333102
1875.6043956043957 0.0020884090402426675
1878.095238095238 0.0031892117514021705
1880.5860805860807 0.0031545611945358195
1883.076923076923 0.002908234906767738
1885.5677655677655 0.002938396858940732
1888.0586080586081 0.0029841888763235003
1890.5494505494505 0.003447776701645961
1893.0402930402931 0.0018944668868051172
1895.5311355311355 0.00396010833105058
1898.0219780219782 0.004227830818046407
1900.5128205128206 0.0038510905357224423
1903.003663003663 0.003085395716960608
1905.4945054945056 0.0037184345877665586
1907.985347985348 0.002165920968428069
1910.4761904761906 0.0026735532864768236
1912.967032967033 0.003323918583300594
1915.4578754578754 0.0023445070500758922
1917.948717948718 0.0029825851313387947
1920.4395604395604 0.0024523216470887996
1922.930402930403 0.0037204933471958654
1925.4212454212454 0.0033806920258962828
1927.9120879120878 0.004546126662967756
1930.4029304029305 0.003358079771226111
1932.8937728937728 0.0029419144260303108
1935.3846153846155 0.004987889109249918
1937.8754578754579 0.0035036233485320075
1940.3663003663005 0.004407466659843816
1942.857142857143 0.004503825722313281
1945.3479853479853 0.00432692322774475
1947.838827838828 0.006720017889808634
1950.3296703296703 0.005726600809397478
1952.820512820513 0.00660441509682069
1955.3113553113553 0.006942012464945451
1957.8021978021977 0.006379934744664593
1960.2930402930403 0.005631852821042525
1962.7838827838827 0.006772313987236731
1965.2747252747254 0.0036191313414248084
1967.7655677655678 0.0042660395010180015
1970.2564102564104 0.00441704199104689
1972.7472527472528 0.0033383622315742954
1975.2380952380952 0.003257070366649435
1977.7289377289378 0.0029062276820941368
1980.2197802197802 0.004035554206544292
1982.7106227106228 0.0017607783907180655
1985.2014652014652 0.0019823568091963456
1987.6923076923076 0.001628441831902548
1990.1831501831502 0.0036925841716742686
1992.6739926739926 0.004179283518116456
1995.1648351648353 0.004415716324806067
1997.6556776556777 0.005447511182143074
2000.14652014652 0.005523139721119151
2002.6373626373627 0.0037919230001210885
2005.128205128205 0.004068101929315063
2007.6190476190477 0.004351571536224447
2010.10989010989 0.0032409878455302737
2012.6007326007327 0.001979359099561442
2015.0915750915751 0.0030580444981780554
2017.5824175824175 0.004782141041833411
2020.0732600732601 0.002309907119894648
2022.5641025641025 0.002885205918321945
2025.0549450549452 0.003610662861851091
2027.5457875457876 0.0034540589542025996
2030.03663003663 0.0035405490860205796
2032.5274725274726 0.0036160455263660753
2035.018315018315 0.003618391624641517
2037.5091575091576 0.0027855226646509653
2040.0 0.003399375050954872
2042.4908424908426 0.0036874507691714163
2044.981684981685 0.0024139442285214877
2047.4725274725274 0.0014012077269907844
2049.96336996337 0.0029333400834221026
2052.4542124542127 0.0028264255038988662
2054.945054945055 0.0026745656866407432
2057.4358974358975 0.004095724921928806
2059.92673992674 0.0029391077578722
2062.4175824175823 0.004017951019737338
2064.908424908425 0.004237135455612832
2067.3992673992675 0.003935649248983468
2069.89010989011 0.004167629108002918
2072.3809523809523 0.004697720223956634
2074.871794871795 0.002844166652362912
2077.3626373626375 0.003010007054223883
2079.8534798534797 0.0030050723083673418
2082.3443223443223 0.0029548689503590773
2084.835164835165 0.0035582705496833866
2087.326007326007 0.0038505997127093483
2089.8168498168498 0.0035299927973657503
2092.3076923076924 0.0038274541514496455
2094.798534798535 0.003395981616811101
2097.289377289377 0.004272356635516282
2099.78021978022 0.00281929727386229
2102.2710622710624 0.00332681289518486
2104.7619047619046 0.0028605032026307775
2107.252747252747 0.0019599682456563606
2109.74358974359 0.0028214729750544788
2112.2344322344325 0.0027696816984515236
2114.7252747252746 0.003244509596298306
2117.2161172161173 0.0033293951379936176
2119.70695970696 0.0029352685518839335
2122.197802197802 0.0025974104101474118
2124.6886446886447 0.003352001390117565
2127.1794871794873 0.004098827809612865
2129.67032967033 0.003318716008377223
2132.161172161172 0.0034965130711261546
2134.6520146520147 0.0036809377037089358
2137.1428571428573 0.0029019163004682658
2139.6336996336995 0.0031214451198765
2142.124542124542 0.0034776142364589878
2144.6153846153848 0.003258916178746145
2147.106227106227 0.0029796185284766095
2149.5970695970695 0.004284473542054862
2152.087912087912 0.004123762445636586
2154.578754578755 0.004316923775363864
2157.069597069597 0.005549195432336813
2159.5604395604396 0.005765541551883416
2162.051282051282 0.004081695292651896
2164.5421245421244 0.00416462247923197
2167.032967032967 0.005298121883230661
2169.5238095238096 0.005491793893485205
2172.0146520146523 0.0032832102437841716
2174.5054945054944 0.0029126124546764685
2176.996336996337 0.0037737955260127042
2179.4871794871797 0.0030725795914127636
2181.978021978022 0.0034771816518195304
2184.4688644688645 0.004657963813738903
2186.959706959707 0.0053126844116623065
2189.4505494505493 0.004781385289749248
2191.941391941392 0.0030337989856220357
2194.4322344322345 0.005130963651090148
2196.923076923077 0.003856873363515791
2199.4139194139193 0.0037605783492511927
2201.904761904762 0.0047330400728119925
2204.3956043956046 0.005854850128704063
2206.8864468864467 0.005279279208616393
2209.3772893772893 0.0064711515720925865
2211.868131868132 0.005179436098084887
2214.3589743589746 0.0043137020881378945
2216.8498168498168 0.005796392461893697
2219.3406593406594 0.006715926258799465
2221.831501831502 0.004513274601137208
2224.322344322344 0.0072585798534331135
2226.813186813187 0.007830799007025005
2229.3040293040294 0.005812488087950508
2231.794871794872 0.00460263458915874
2234.285714285714 0.004414659432059457
2236.776556776557 0.005376600679965948
2239.2673992673995 0.00538885564740204
2241.7582417582416 0.005447173005814301
2244.2490842490843 0.0056860840031118355
2246.739926739927 0.0046646069809060916
2249.230769230769 0.004506222470584101
2251.7216117216117 0.0034224278298723133
2254.2124542124543 0.005002369283783249
2256.703296703297 0.0030071396292069143
2259.194139194139 0.0031142825073510474
2261.6849816849817 0.0041532813460685505
2264.1758241758243 0.0038173340818782116
2266.6666666666665 0.002628047649110312
2269.157509157509 0.004559776073605884
2271.6483516483518 0.0026228242331242297
2274.1391941391944 0.005288924501074678
2276.6300366300366 0.0055724135962226355
2279.120879120879 0.004424899223688571
2281.611721611722 0.0037187839520182696
2284.102564102564 0.004253411070464203
2286.5934065934066 0.0050977485246647145
2289.084249084249 0.004659796098081494
2291.5750915750914 0.006368534404476063
2294.065934065934 0.004270357351543619
2296.5567765567766 0.005240053830112567
2299.0476190476193 0.006067180955228811
2301.5384615384614 0.004961144892905267
2304.029304029304 0.002796587954700547
2306.5201465201467 0.0048674473012548965
2309.010989010989 0.0037583298894287593
2311.5018315018315 0.0045863300985904566
2313.992673992674 0.002424784629509036
2316.4835164835167 0.003514973777566495
2318.974358974359 0.003460032048935953
2321.4652014652015 0.0022261299658514256
2323.956043956044 0.0014337157250373699
2326.4468864468863 0.002351874739210153
2328.937728937729 0.0027135551924036476
2331.4285714285716 0.0037076648155656053
2333.9194139194137 0.002208517891861796
2336.4102564102564 0.003075327044230556
2338.901098901099 0.004198949336020398
2341.3919413919416 0.0046801832331102204
2343.8827838827838 0.00448653293208955
2346.3736263736264 0.00341153806617015
2348.864468864469 0.0031092150180710636
2351.355311355311 0.004165397006428958
2353.846153846154 0.003376323070845151
2356.3369963369964 0.0030300069376929147
2358.827838827839 0.003406477629032397
2361.3186813186812 0.0024601811531136946
2363.809523809524 0.0024345016184130204
2366.3003663003665 0.003220460865320515
2368.7912087912086 0.003965648813968532
2371.2820512820513 0.0025386816332923124
2373.772893772894 0.0028530584521853776
2376.2637362637365 0.003743672469812631
2378.7545787545787 0.003278012513478401
2381.2454212454213 0.002822606885577119
2383.736263736264 0.0017511927604151774
2386.227106227106 0.002212755316973101
2388.7179487179487 0.0024619025272513127
2391.2087912087914 0.00288091740367199
2393.6996336996335 0.0024143076371245203
2396.190476190476 0.0036151728658838124
2398.6813186813188 0.0030990619748672565
2401.1721611721614 0.002963237611606524
2403.6630036630036 0.0033960953603852755
2406.153846153846 0.0032169116406749916
2408.644688644689 0.0032940913234227546
2411.135531135531 0.0033497131102769354
2413.6263736263736 0.005324466344979103
2416.1172161172162 0.0037055895413761787
2418.608058608059 0.0036933412651651066
2421.098901098901 0.002876340014534458
2423.5897435897436 0.003401313959484282
2426.0805860805863 0.0037703909719206193
2428.5714285714284 0.0035174705128215816
2431.062271062271 0.004576818579857656
2433.5531135531137 0.005543421841163625
2436.043956043956 0.00448671936875459
2438.5347985347985 0.00433151769769589
2441.025641025641 0.00537595647853462
2443.5164835164837 0.006136322230762204
2446.007326007326 0.00581265641554581
2448.4981684981685 0.006910478428300539
2450.989010989011 0.004255678767730738
2453.4798534798533 0.004290051919004722
2455.970695970696 0.005235174458247459
2458.4615384615386 0.00469430935032572
2460.952380952381 0.003417032751545731
2463.4432234432234 0.0032437044052514453
2465.934065934066 0.005095598519819981
2468.4249084249086 0.005472486292558402
2470.915750915751 0.0052022173059126904
2473.4065934065934 0.004237225777163133
2475.897435897436 0.00577643253764246
2478.388278388278 0.0041603726936706815
2480.879120879121 0.003640137792470969
2483.3699633699634 0.00663608324946086
2485.860805860806 0.004676696233534841
2488.3516483516482 0.004180232695648469
2490.842490842491 0.004930497134460954
2493.3333333333335 0.0032705250941636437
2495.8241758241757 0.0030863335153204323
2498.3150183150183 0.0032610119951649343
2500.805860805861 0.0018863262381188194
2503.2967032967035 0.003268065323942157
2505.7875457875457 0.0032705782658661304
2508.2783882783883 0.0036822945717756347
2510.769230769231 0.003536252766945438
2513.260073260073 0.0031637283387158208
2515.7509157509157 0.003322704468986999
2518.2417582417584 0.002774502465140374
2520.732600732601 0.002906889533035459
2523.223443223443 0.0028891743381804663
2525.714285714286 0.003095756916781826
2528.2051282051284 0.00215053354163689
2530.6959706959706 0.003008189206075851
2533.186813186813 0.0026893092183565962
2535.677655677656 0.0018165935989481602
2538.168498168498 0.003171104672595079
2540.6593406593406 0.0038341795978770895
2543.1501831501832 0.002878095335108633
2545.641025641026 0.0027078527799235534
2548.131868131868 0.003974001301382507
2550.6227106227107 0.0032964969307451328
2553.1135531135533 0.0022262937680906
2555.6043956043954 0.0020161149285561806
2558.095238095238 0.002556860632829949
2560.5860805860807 0.002740716358470632
2563.0769230769233 0.001993511348536012
2565.5677655677655 0.0015496701209695679
2568.058608058608 0.0019717315534884105
2570.5494505494507 0.0023340738449586108
2573.040293040293 0.0018141336955037524
2575.5311355311355 0.0016600454902525631
2578.021978021978 0.0017689117036366875
2580.5128205128203 0.0027059061820438727
2583.003663003663 0.002199554867571086
2585.4945054945056 0.0020517690695121705
2587.985347985348 0.001680976056038542
2590.4761904761904 0.0029083429724163497
2592.967032967033 0.0041463515446471064
2595.4578754578756 0.004548284619345956
2597.948717948718 0.0022316786315543565
2600.4395604395604 0.002265436174748185
2602.930402930403 0.002483457752779445
2605.4212454212457 0.002326843588692989
2607.912087912088 0.0021053231520672022
2610.4029304029305 0.0028252074860223232
2612.893772893773 0.0031088353650348868
2615.3846153846152 0.0034528859224937144
2617.875457875458 0.003057453129749614
2620.3663003663005 0.002756819001098284
2622.857142857143 0.0026107173418501023
2625.3479853479853 0.0021976296104863646
2627.838827838828 0.00286812238256426
2630.3296703296705 0.003424130228130085
2632.8205128205127 0.002770314466865489
2635.3113553113553 0.0031784705412276674
2637.802197802198 0.003012324756353583
2640.29304029304 0.0032546684467235306
2642.7838827838827 0.0032248701197363032
2645.2747252747254 0.002677345171868384
2647.765567765568 0.0023492319076426735
2650.25641025641 0.002918132477084849
2652.747252747253 0.002975171235045282
2655.2380952380954 0.0030119107121613035
2657.7289377289376 0.0037436335372013807
2660.21978021978 0.004664443619614632
2662.710622710623 0.004890758358064525
2665.2014652014655 0.0041103419486028395
2667.6923076923076 0.0036565738366120767
2670.1831501831502 0.0030892298957337833
2672.673992673993 0.0030205254352826372
2675.164835164835 0.002611385166532056
2677.6556776556777 0.002900327275376849
2680.1465201465203 0.002626030811462308
2682.6373626373625 0.0034027933891421116
2685.128205128205 0.003397883927066607
2687.6190476190477 0.0021288652213675915
2690.1098901098903 0.0022226560989231747
2692.6007326007325 0.0027208870031982086
2695.091575091575 0.00281995464184194
2697.5824175824177 0.003290615853904348
2700.07326007326 0.003168588443422764
2702.5641025641025 0.0030194604306021324
2705.054945054945 0.0023533909971691943
2707.545787545788 0.0018078733300259636
2710.03663003663 0.0018139195774615358
2712.5274725274726 0.002128737780547402
2715.018315018315 0.002225035521222249
2717.5091575091574 0.0019499344263347257
2720.0 0.0023220648380234345
2722.4908424908426 0.0028678577707746764
2724.981684981685 0.002485137620937905
2727.4725274725274 0.0028775275279492186
2729.96336996337 0.003597508168664292
2732.4542124542127 0.0033257055549787908
2734.945054945055 0.003029520616391085
2737.4358974358975 0.0033442476240706912
2739.92673992674 0.002845688767292234
2742.4175824175823 0.0021023483206313955
2744.908424908425 0.0024673997544887864
2747.3992673992675 0.002963587943611163
2749.89010989011 0.002468937741151026
2752.3809523809523 0.0024046294203090867
2754.871794871795 0.0022770018693956057
2757.3626373626375 0.0021542207594960508
2759.8534798534797 0.0022286439473685683
2762.3443223443223 0.00336462420121011
2764.835164835165 0.002552981441816668
2767.3260073260076 0.002093653169864344
2769.8168498168498 0.0019288516865249598
2772.3076923076924 0.001708742900038751
2774.798534798535 0.0014604346871298706
2777.289377289377 0.0021643728476929062
2779.78021978022 0.002305990227296668
2782.2710622710624 0.0026970839707343443
2784.7619047619046 0.003917290179923874
2787.252747252747 0.0034914791845156953
2789.74358974359 0.003767876869405898
2792.2344322344325 0.004008206210742629
2794.7252747252746 0.0038644189252100675
2797.2161172161173 0.0029890311546742266
2799.70695970696 0.001744252437048823
2802.197802197802 0.0025407317689190756
2804.6886446886447 0.001593760842634892
2807.1794871794873 0.002286096483648519
2809.67032967033 0.0027318870591493843
2812.161172161172 0.0031075734222310663
2814.6520146520147 0.0031979507044247505
2817.1428571428573 0.0038926722653210635
2819.6336996336995 0.0040157717350971685
2822.124542124542 0.0032147298695129646
2824.6153846153848 0.0034089229405877652
2827.106227106227 0.003251372374995143
2829.5970695970695 0.0029472317696615734
2832.087912087912 0.0023630347644847797
2834.578754578755 0.002561095512731551
2837.069597069597 0.001598181904706074
2839.5604395604396 0.0017536610529547692
2842.051282051282 0.0024317416474190423
2844.5421245421244 0.0020060494415389284
2847.032967032967 0.0018782492555553722
2849.5238095238096 0.001893350622311529
2852.0146520146523 0.0020309285409322135
2854.5054945054944 0.0023508041037211026
2856.996336996337 0.002509895750151911
2859.4871794871797 0.0030503561079703763
2861.978021978022 0.003167609709356894
2864.4688644688645 0.0036048544651885194
2866.959706959707 0.0033478257168572355
2869.4505494505493 0.0033614931704969778
2871.941391941392 0.0036378249062518748
2874.4322344322345 0.003647526122561142
2876.923076923077 0.0033042089862403267
2879.4139194139193 0.0029601905351345145
2881.904761904762 0.0028565600496158754
2884.3956043956046 0.0027534863618474507
2886.8864468864467 0.0019727577358340355
2889.3772893772893 0.002454291656681028
2891.868131868132 0.0025814963513148674
2894.3589743589746 0.002394678572009636
2896.8498168498168 0.0023022056829585507
2899.3406593406594 0.0018524773559531625
2901.831501831502 0.0020258371557774365
2904.322344322344 0.001275590552940415
2906.813186813187 0.0011291488319412522
2909.3040293040294 0.0014371884924621375
2911.794871794872 0.0014787209823990677
2914.285714285714 0.0014584209159677888
2916.776556776557 0.0018365448055518083
2919.2673992673995 0.001980869630509107
2921.7582417582416 0.0018600504343506072
2924.2490842490843 0.0019754201160510753
2926.739926739927 0.0012650959759252746
2929.230769230769 0.001222217995719873
2931.7216117216117 0.0013666598895310893
2934.2124542124543 0.0015741391937521918
2936.703296703297 0.001993403699190639
2939.194139194139 0.0015630629249158562
2941.6849816849817 0.0012873215334637663
2944.1758241758243 0.00167456984028563
2946.6666666666665 0.002381029057425046
2949.157509157509 0.002234632454679337
2951.6483516483518 0.001615736478232246
2954.1391941391944 0.0011751395357375868
2956.6300366300366 0.0019456791795321546
2959.120879120879 0.0016864162733605623
2961.611721611722 0.0012976088695964669
2964.102564102564 0.0015016483496625016
2966.5934065934066 0.0014213020340245967
2969.084249084249 0.0011778734316314694
2971.5750915750914 0.000785502754409893
2974.065934065934 0.0007222306120044379
2976.5567765567766 0.0004762513248802918
2979.0476190476193 0.0008172928509959762
2981.5384615384614 0.0006369509297627114
2984.029304029304 0.0007624452914741695
2986.5201465201467 0.0015180445855833358
2989.010989010989 0.001645512131657482
2991.5018315018315 0.00142097956633061
2993.992673992674 0.0013865594170687637
2996.4835164835167 0.0012434550925112088
2998.974358974359 0.0014432494864670472
3001.4652014652015 0.0013747675546273916
3003.956043956044 0.001468421384413642
3006.4468864468863 0.0014565711000384665
3008.937728937729 0.0009791041904328279
3011.4285714285716 0.000855174243655808
3013.919413919414 0.0014723071989020259
3016.4102564102564 0.0016857823607606605
3018.901098901099 0.0011483150919876664
3021.3919413919416 0.0011149309657028747
3023.8827838827838 0.0012125524951834752
3026.3736263736264 0.0015326923885161448
3028.864468864469 0.0014103848936427583
3031.355311355311 0.0014491915565154403
3033.846153846154 0.0014988332420934362
3036.3369963369964 0.001415780254584204
3038.827838827839 0.001224821810129535
3041.3186813186812 0.001619351968080208
3043.809523809524 0.001795956039434098
3046.3003663003665 0.0012926795384962991
3048.7912087912086 0.001119757311584589
3051.2820512820513 0.0015116148935005874
3053.772893772894 0.0013042104868011958
3056.2637362637365 0.0013626397897183505
3058.7545787545787 0.0012633309250295295
3061.2454212454213 0.0012855304884138476
3063.736263736264 0.001045321663333999
3066.227106227106 0.001298902712019358
3068.7179487179487 0.0012837260182157828
3071.2087912087914 0.0017714020696171482
3073.6996336996335 0.0019829111595766635
3076.190476190476 0.00186540749800794
3078.6813186813188 0.001873015308557292
3081.1721611721614 0.002105743911383533
3083.6630036630036 0.0022620467775853435
3086.153846153846 0.0016245976018169955
3088.644688644689 0.0008565737660167001
3091.135531135531 0.0009925854668614998
3093.6263736263736 0.001110938781380291
3096.1172161172162 0.0015352062742674227
3098.608058608059 0.0015204952606928269
3101.098901098901 0.001656308013846571
3103.5897435897436 0.0016352345027192286
3106.0805860805863 0.001438075785786988
3108.5714285714284 0.0015236932070660017
3111.062271062271 0.0018422927320602335
3113.5531135531137 0.002399711880473559
3116.043956043956 0.0023316319504632778
3118.5347985347985 0.002381750464471194
3121.025641025641 0.0021223382947738946
3123.5164835164837 0.0021222481206950882
3126.007326007326 0.0018418089435665358
3128.4981684981685 0.0015133335302841035
3130.989010989011 0.0014827866768272607
3133.4798534798533 0.001817389313207465
3135.970695970696 0.0015433218655008416
3138.4615384615386 0.0014158056616042393
3140.952380952381 0.0016770901488456305
3143.4432234432234 0.00104999327106075
3145.934065934066 0.0010533793380034307
3148.4249084249086 0.0015621482321498022
3150.915750915751 0.0018758453766906267
3153.4065934065934 0.0019302136440753962
3155.897435897436 0.001123228202000841
3158.3882783882786 0.0016127331583470899
3160.879120879121 0.0018681361280044855
3163.3699633699634 0.0023595261313990087
3165.860805860806 0.002564689003506765
3168.3516483516482 0.002646828312576963
3170.842490842491 0.0021016276116297763
3173.3333333333335 0.0014503312308697628
3175.8241758241757 0.0019137823150159026
3178.3150183150183 0.0013881933220130328
3180.805860805861 0.002008848614831861
3183.2967032967035 0.0016303497484481098
3185.7875457875457 0.0015764940129675711
3188.2783882783883 0.0010065659742985004
3190.769230769231 0.0007856172605305614
3193.260073260073 0.00103830621171737
3195.7509157509157 0.0014609418052893546
3198.2417582417584 0.001031389946451366
3200.732600732601 0.0009954782018010318
3203.223443223443 0.0009659048765925638
3205.714285714286 0.00099951471222216
3208.2051282051284 0.0010173402336041207
3210.6959706959706 0.0009599376992971796
3213.186813186813 0.0013523283339518148
3215.677655677656 0.0016729871725900296
3218.168498168498 0.0013271415313871355
3220.6593406593406 0.0019652252733489764
3223.1501831501832 0.0024849095267867635
3225.641025641026 0.002286482968594127
3228.131868131868 0.0027019706211825686
3230.6227106227107 0.0025611658734486504
3233.1135531135533 0.0024447411037856327
3235.6043956043954 0.002423794890974521
3238.095238095238 0.0022378025591021505
3240.5860805860807 0.0017736381878682235
3243.0769230769233 0.0016371399128016512
3245.5677655677655 0.0019288111913981526
3248.058608058608 0.0023450135740106693
3250.5494505494507 0.002968603332553034
3253.040293040293 0.002507231989465317
3255.5311355311355 0.002293673648273809
3258.021978021978 0.002600834257861674
3260.512820512821 0.002740965652941858
3263.003663003663 0.0020403802405265397
3265.4945054945056 0.0024031127652850656
3267.985347985348 0.0020655583000775616
3270.4761904761904 0.0012036266100980937
3272.967032967033 0.0013081197780539875
3275.4578754578756 0.0020829510641627706
3277.948717948718 0.0023287339019227643
3280.4395604395604 0.003034802496065687
3282.930402930403 0.0031491517360794745
3285.4212454212457 0.0038892304564953645
3287.912087912088 0.002672693084153247
3290.4029304029305 0.0019686130799284516
3292.893772893773 0.0012492963251315237
3295.3846153846152 0.0012584389520528567
3297.875457875458 0.0018902466578951723
3300.3663003663005 0.0020114673751989603
3302.857142857143 0.0019819951785884113
3305.3479853479853 0.0021002673567674358
3307.838827838828 0.0023987197508748503
3310.3296703296705 0.0021528487941147555
3312.8205128205127 0.0023986207771016853
3315.3113553113553 0.0019955126917265142
3317.802197802198 0.001979436685939867
3320.29304029304 0.0013192763665277425
3322.7838827838827 0.0009707951446428115
3325.2747252747254 0.001887991773141121
3327.765567765568 0.0020717881936307986
3330.25641025641 0.0018669840003434461
3332.747252747253 0.0023375827615282996
3335.2380952380954 0.0016201789464006442
3337.7289377289376 0.001113485379636006
3340.21978021978 0.001728250339953532
3342.710622710623 0.0022853961922272245
3345.2014652014655 0.0026619292938945636
3347.6923076923076 0.002768867602504278
3350.1831501831502 0.002156235948486152
3352.673992673993 0.0023390157390382536
3355.164835164835 0.002081059845881399
3357.6556776556777 0.00204003276079439
3360.1465201465203 0.0022181272541252992
3362.6373626373625 0.0016536330657860917
3365.128205128205 0.0013841941165910864
3367.6190476190477 0.0013386997617515592
3370.1098901098903 0.0013836726747819465
3372.6007326007325 0.0018646055306852944
3375.091575091575 0.0026053228003317178
3377.5824175824177 0.0029146135397735196
3380.07326007326 0.002070492471489559
3382.5641025641025 0.002778639449708973
3385.054945054945 0.002162071643673113
3387.545787545788 0.0013932913841693403
3390.03663003663 0.0017574992724242904
3392.5274725274726 0.002361731276465076
3395.018315018315 0.0024954540621105717
3397.5091575091574 0.001996124428396419
3400.0 0.002519293619486307
3402.4908424908426 0.0029518175629543093
3404.9816849816852 0.0028677905675211454
3407.4725274725274 0.003487922308045738
3409.96336996337 0.003186435148085321
3412.4542124542127 0.0027941268462427318
3414.945054945055 0.002053527145335048
3417.4358974358975 0.002079223635403586
3419.92673992674 0.0018934690764797924
3422.4175824175823 0.0014089660586608448
3424.908424908425 0.0005680767248970891
3427.3992673992675 0.0012753423264111252
3429.89010989011 0.00174263523817192
3432.3809523809523 0.002770805658140437
3434.871794871795 0.0029051127914385007
3437.3626373626375 0.0025696084138307398
3439.8534798534797 0.002482417699492673
3442.3443223443223 0.0028671390863166703
3444.835164835165 0.00213260498690817
3447.3260073260076 0.0012887902438838417
3449.8168498168498 0.0015193082695229938
3452.3076923076924 0.001680258197512883
3454.798534798535 0.001280124910854456
3457.289377289377 0.0011204111678775439
3459.78021978022 0.0011557972661061214
3462.2710622710624 0.001055546035781223
3464.7619047619046 0.0009774828631077522
3467.252747252747 0.0016329250529160601
3469.74358974359 0.0014376391199852148
3472.2344322344325 0.0010133269960144378
3474.7252747252746 0.0012367079359961893
3477.2161172161173 0.001575717053570247
3479.70695970696 0.0014673373872553892
3482.197802197802 0.0009535669847826953
3484.6886446886447 0.0010584473099326324
3487.1794871794873 0.0005457117647372526
3489.67032967033 0.0012564552742885338
3492.161172161172 0.0008982568106183337
3494.6520146520147 0.0009786418742164385
3497.1428571428573 0.0013608211806008035
3499.6336996336995 0.0017534516800720675
3502.124542124542 0.0018837286461649983
3504.6153846153848 0.001276888038727938
3507.1062271062274 0.0011915336593699543
3509.5970695970695 0.0010380618333337896
3512.087912087912 0.001368390929336213
3514.578754578755 0.0015504285291505233
3517.069597069597 0.0013539852618624643
3519.5604395604396 0.0013801859146446987
3522.051282051282 0.0012518657550259391
3524.5421245421244 0.0009293744768025018
3527.032967032967 0.0009178030716967097
3529.5238095238096 0.0010514078789748112
3532.0146520146523 0.001145757004203049
3534.5054945054944 0.0015204327784172137
3536.996336996337 0.0017111233694130621
3539.4871794871797 0.0012105382651449552
3541.978021978022 0.0011773036959644215
3544.4688644688645 0.0012739961465137268
3546.959706959707 0.0009881821332004702
3549.4505494505497 0.0005421690532039517
3551.941391941392 0.0013725357040803219
3554.4322344322345 0.0016519671257920268
3556.923076923077 0.0012818184990965693
3559.4139194139193 0.001515793577306548
3561.904761904762 0.0010468006965021525
3564.3956043956046 0.0016672262831477563
3566.8864468864467 0.0018326869502787101
3569.3772893772893 0.0016485877492336866
3571.868131868132 0.0014517083264135044
3574.3589743589746 0.0012522419693366275
3576.8498168498168 0.0014086203333505312
3579.3406593406594 0.0015650594508772478
3581.831501831502 0.0009273921028211643
3584.322344322344 0.0013389702797977866
3586.813186813187 0.0016493686833668703
3589.3040293040294 0.001332584584185579
3591.794871794872 0.0009687612044829592
3594.285714285714 0.0012699632780347957
3596.776556776557 0.0015534329772205577
3599.2673992673995 0.0010788261072872663
3601.7582417582416 0.000947672835411959
3604.2490842490843 0.0005545146520529758
3606.739926739927 0.0009798181094895079
3609.230769230769 0.0008425382379316209
3611.7216117216117 0.0008446532735184449
3614.2124542124543 0.000742086448984167
3616.703296703297 0.0015778616900779937
3619.194139194139 0.002118429491414776
3621.6849816849817 0.002058117451515578
3624.1758241758243 0.0016399035825401089
3626.6666666666665 0.0013490608969171332
3629.157509157509 0.0017036641419740477
3631.6483516483518 0.0014432795485834638
3634.1391941391944 0.0015881783565588612
3636.6300366300366 0.0015591074232783667
3639.120879120879 0.0012632235154833719
3641.611721611722 0.0008756198701503057
3644.102564102564 0.0009063550274151563
3646.5934065934066 0.0009991156907624167
3649.084249084249 0.0010392591080654677
3651.575091575092 0.0015487502459060108
3654.065934065934 0.0015032894416356784
3656.5567765567766 0.0015068955482636013
3659.0476190476193 0.0019591002112383793
3661.5384615384614 0.0016686007565784057
3664.029304029304 0.0017030927945499822
3666.5201465201467 0.0019125947031011262
3669.010989010989 0.002508777029592214
3671.5018315018315 0.0019824167149016677
3673.992673992674 0.0022396289739991023
3676.4835164835167 0.001776166720501092
3678.974358974359 0.002234897809903184
3681.4652014652015 0.002074156603789394
3683.956043956044 0.001834746804383873
3686.4468864468863 0.0023901173000207003
3688.937728937729 0.00284717776296833
3691.4285714285716 0.0023532669941899193
3693.919413919414 0.002249584748433179
3696.4102564102564 0.002907331553458915
3698.901098901099 0.002165742485192574
3701.3919413919416 0.002106660538081405
3703.8827838827838 0.002287726575348965
3706.3736263736264 0.0019465078461650815
3708.864468864469 0.0011083398452046216
3711.355311355311 0.001347774223736153
3713.846153846154 0.001664930012705542
3716.3369963369964 0.0016601555888863062
3718.827838827839 0.0018348534276325025
3721.3186813186812 0.002306608079975648
3723.809523809524 0.001638832284475535
3726.3003663003665 0.001391790160091144
3728.7912087912086 0.0013745961515542523
3731.2820512820513 0.0017696147296565208
3733.772893772894 0.0018127130271051843
3736.2637362637365 0.001384885866088036
3738.7545787545787 0.001132669000759052
3741.2454212454213 0.0008711153383644927
3743.736263736264 0.0009695023086198365
3746.227106227106 0.0011261519916915175
3748.7179487179487 0.0012152690451649375
3751.2087912087914 0.0007214465621118035
3753.6996336996335 0.0010269540226476171
3756.190476190476 0.0015159058355296159
3758.6813186813188 0.0015159518893569873
3761.1721611721614 0.0026633517721198654
3763.6630036630036 0.00217320615436543
3766.153846153846 0.0020383007905992773
3768.644688644689 0.001827342347921846
3771.135531135531 0.002052667902093916
3773.6263736263736 0.0019160397787901136
3776.1172161172162 0.0022794548608633266
3778.608058608059 0.002157484025937782
3781.098901098901 0.0021088570542700676
3783.5897435897436 0.0014695070844130173
3786.0805860805863 0.003006448325806066
3788.5714285714284 0.0029815846602009133
3791.062271062271 0.0023864287355878674
3793.5531135531137 0.0021313604779877645
3796.0439560439563 0.002929322399578719
3798.5347985347985 0.001858204985012533
3801.025641025641 0.0008172689987409853
3803.5164835164837 0.0013997836282731355
3806.007326007326 0.0023613561849356
3808.4981684981685 0.0014909737377387905
3810.989010989011 0.0018842429493582842
3813.4798534798533 0.002285712597116679
3815.970695970696 0.0019084417711816477
3818.4615384615386 0.0014527807756228928
3820.952380952381 0.001418111710519145
3823.4432234432234 0.002515628013484529
3825.934065934066 0.002135371174433026
3828.4249084249086 0.0017393654022935367
3830.915750915751 0.0016671098700565337
3833.4065934065934 0.002772947911384585
3835.897435897436 0.0023751236397679025
3838.3882783882786 0.0022876947332256792
3840.879120879121 0.0024338704136300923
3843.3699633699634 0.002005320032822069
3845.860805860806 0.0021531997005643437
3848.3516483516482 0.0028722931985015725
3850.842490842491 0.00298782143769114
3853.3333333333335 0.003194176604013501
3855.8241758241757 0.002535534660520413
3858.3150183150183 0.002972063929528876
3860.805860805861 0.003711883867993105
3863.2967032967035 0.0036408610170920066
3865.7875457875457 0.003266985888352496
3868.2783882783883 0.003796693421662018
3870.769230769231 0.0031653956677199107
3873.260073260073 0.002543381274400311
3875.7509157509157 0.002320970840713701
3878.2417582417584 0.0024461634839374425
3880.732600732601 0.002728088368435234
3883.223443223443 0.003182297337185724
3885.714285714286 0.004281495974821911
3888.2051282051284 0.004513338980614464
3890.6959706959706 0.0045454778776854365
3893.186813186813 0.004872025866227398
3895.677655677656 0.004631681888776203
3898.1684981684984 0.004185763372398523
3900.6593406593406 0.0035449388625667043
3903.1501831501832 0.0017336130656561918
3905.641025641026 0.0020397072781901406
3908.131868131868 0.003301824995655288
3910.6227106227107 0.00233553184829588
3913.1135531135533 0.0021988290504656705
3915.6043956043954 0.002477338040370431
3918.095238095238 0.003268984474835658
3920.5860805860807 0.004418692087910253
3923.0769230769233 0.0035421673412093526
3925.5677655677655 0.0028592772691296256
3928.058608058608 0.0036728321315077
3930.5494505494507 0.0025060748777748863
3933.040293040293 0.003205223899594579
3935.5311355311355 0.006006997540227032
3938.021978021978 0.005707936576437141
3940.512820512821 0.004430291188898821
3943.003663003663 0.006327096521553815
3945.4945054945056 0.006888396993100082
3947.985347985348 0.005710507265009637
3950.4761904761904 0.005339376113238138
3952.967032967033 0.006620494109483671
3955.4578754578756 0.005622364179179652
3957.948717948718 0.004455663850920384
3960.4395604395604 0.004085763717055329
3962.930402930403 0.00441273376343676
3965.4212454212457 0.0037975851531116926
3967.912087912088 0.00321245527935907
3970.4029304029305 0.0030397865527163706
3972.893772893773 0.0032434701941055073
3975.3846153846152 0.0030522136932136894
3977.875457875458 0.0022107615742964254
3980.3663003663005 0.0024453711008285686
3982.857142857143 0.0028192198427054206
3985.3479853479853 0.0022183632488340164
3987.838827838828 0.00195030200144206
3990.3296703296705 0.0025114797562977922
3992.8205128205127 0.0036935909326138564
3995.3113553113553 0.003933523629541328
3997.802197802198 0.00311391932551185
4000.29304029304 0.00308296462179199
4002.7838827838827 0.0026943880408027937
4005.2747252747254 0.0022493518371215146
4007.765567765568 0.001792403409577119
4010.25641025641 0.0024712027245057055
4012.747252747253 0.0023575187432079165
4015.2380952380954 0.0019339241383291058
4017.7289377289376 0.0025887715179908383
4020.21978021978 0.0028577360478980133
4022.710622710623 0.001963213463810469
4025.2014652014655 0.0021654625246280176
4027.6923076923076 0.00202322687338743
4030.1831501831502 0.002083248294383747
4032.673992673993 0.002589508944004643
4035.164835164835 0.0020294317354902125
4037.6556776556777 0.0020768259338516553
4040.1465201465203 0.0018731115264477617
4042.637362637363 0.001916669391770979
4045.128205128205 0.0022265236188857757
4047.6190476190477 0.0021068262272473663
4050.1098901098903 0.0025407397688986606
4052.6007326007325 0.0024413216535977608
4055.091575091575 0.0020984149817791366
4057.5824175824177 0.0021740555312742106
4060.07326007326 0.0025227325208162896
4062.5641025641025 0.001728594457231106
4065.054945054945 0.0021705345775684163
4067.545787545788 0.0026815032224658548
4070.03663003663 0.002139492329973932
4072.5274725274726 0.0007292195315061534
4075.018315018315 0.0011032003602759746
4077.5091575091574 0.0014239846536305105
4080.0 0.0023488042617322022
4082.4908424908426 0.0025896764420075147
4084.9816849816852 0.0018364434956930152
4087.4725274725274 0.0013981845419428062
4089.96336996337 0.0010843900113868407
4092.4542124542127 0.0017076230791651078
4094.945054945055 0.0012021861207474427
4097.4358974358975 0.0010699178364714753
4099.92673992674 0.002283283372609106
4102.417582417583 0.0023732503159527396
4104.908424908425 0.0030055192808182683
4107.399267399267 0.0027488313115341424
4109.89010989011 0.0026156509934468206
4112.380952380952 0.0029409584966159133
4114.871794871795 0.003201901393663677
4117.3626373626375 0.0025471048194574616
4119.85347985348 0.0023562463486640093
4122.344322344323 0.002173680296854187
4124.8351648351645 0.0025565969698070658
4127.326007326007 0.00266796845162879
4129.81684981685 0.0028372352003379724
4132.307692307692 0.0030392329629119284
4134.798534798535 0.0032596559311622152
4137.289377289378 0.003421310108791776
4139.78021978022 0.00288410275397078
4142.271062271062 0.002790137117830417
4144.761904761905 0.0029107883843078348
4147.252747252747 0.0028922268646167596
4149.74358974359 0.0022290923185839615
4152.2344322344325 0.002442811912287838
4154.725274725275 0.0029147166377788887
4157.216117216118 0.0026551927585442407
4159.706959706959 0.0021954549574171207
4162.197802197802 0.0020354048742104495
4164.688644688645 0.002727138117907844
4167.179487179487 0.003965400424995166
4169.67032967033 0.0029232786949316934
4172.1611721611725 0.0034637256341689565
4174.652014652014 0.003545420976782269
4177.142857142857 0.0021131529730076134
4179.6336996336995 0.0015031288682317422
4182.124542124542 0.0016522316852978867
4184.615384615385 0.0018084747811601646
4187.106227106227 0.002619048709598806
4189.59706959707 0.0032827424907045702
4192.087912087912 0.0022963774837150668
4194.578754578754 0.0021911904201590117
4197.069597069597 0.002473114073407076
4199.56043956044 0.002780068227639846
4202.051282051282 0.0027158739129397222
4204.542124542125 0.002103064653602615
4207.0329670329675 0.0029314597354919356
4209.523809523809 0.003028084784326011
4212.014652014652 0.0026498312906418145
4214.505494505494 0.00351772592449875
4216.996336996337 0.004117302146856209
4219.48717948718 0.004073029061870356
4221.978021978022 0.0038618413388205037
4224.468864468865 0.0038675982931034823
4226.959706959707 0.00372300683112829
4229.450549450549 0.0036253664415977506
4231.941391941392 0.003825834503849245
4234.4322344322345 0.003349723234114553
4236.923076923077 0.0028145924491131055
4239.41391941392 0.0026220804422195116
4241.904761904762 0.0036538379920173
4244.395604395604 0.004548279980803934
4246.886446886447 0.004350799491752401
4249.377289377289 0.003956420909805581
4251.868131868132 0.0039573240507164925
4254.358974358975 0.003920645662418765
4256.849816849817 0.0032680823632669945
4259.34065934066 0.0028020550666556614
4261.831501831502 0.002525925806012095
4264.322344322344 0.003528996009920706
4266.813186813187 0.004230563890142539
4269.304029304029 0.0032597972931333805
4271.794871794872 0.0030457693690803156
4274.285714285715 0.0030612634200317887
4276.776556776556 0.0029898192234020103
4279.267399267399 0.004131492082754117
4281.758241758242 0.005072051479894045
4284.249084249084 0.004008605353838045
4286.739926739927 0.002716356477400327
4289.2307692307695 0.00222426033884087
4291.721611721612 0.002384255679648043
4294.212454212454 0.0025478391584510835
4296.7032967032965 0.0023915681604710416
4299.194139194139 0.001650384751023848
4301.684981684982 0.0022653792576818547
4304.175824175824 0.002040270544487259
4306.666666666667 0.0024970111412232847
4309.15750915751 0.0032019954243318882
4311.648351648351 0.004064354427307879
4314.139194139194 0.002928770835485015
4316.630036630037 0.002382765983307515
4319.120879120879 0.0025199750878966004
4321.611721611722 0.002441103012061156
4324.102564102564 0.0028789319430049093
4326.593406593407 0.003420565828279704
4329.084249084249 0.0036590518715323346
4331.575091575091 0.004293517064393292
4334.065934065934 0.004240450847336765
4336.556776556777 0.0024710652377109518
4339.047619047619 0.001600539056211911
4341.538461538462 0.0017505598167251045
4344.0293040293045 0.0022181473262157816
4346.520146520146 0.003365881804546176
4349.010989010989 0.003269538312742308
4351.5018315018315 0.002938720005049505
4353.992673992674 0.0019795646872146073
4356.483516483517 0.0016120888838890952
4358.974358974359 0.001291533798453397
4361.465201465202 0.0025786150271408393
4363.956043956044 0.0023188085496709146
4366.446886446886 0.002916770674119218
4368.937728937729 0.0028890794853053056
4371.428571428572 0.0021723555904489193
4373.919413919414 0.002208991852279751
4376.410256410257 0.002445567302564359
4378.9010989010985 0.002132082244306558
4381.391941391941 0.0029895334004641817
4383.882783882784 0.003217375998597763
4386.373626373626 0.0027119834554244766
4388.864468864469 0.0035898935665892953
4391.355311355312 0.003362556147938758
4393.846153846154 0.003730485775752293
4396.336996336996 0.00484165618064561
4398.827838827839 0.004601711633289609
4401.318681318681 0.0034613110253274393
4403.809523809524 0.0037855220143262554
4406.3003663003665 0.004642438844930366
4408.791208791209 0.004014566006196283
4411.282051282052 0.0032051360976680272
4413.772893772893 0.002420557331797597
4416.263736263736 0.0028560181665485784
4418.754578754579 0.0032200517418505595
4421.245421245421 0.0035204164222982677
4423.736263736264 0.003505483357908125
4426.227106227107 0.004084874603472167
4428.717948717949 0.002748674676229765
4431.208791208791 0.0021600885002297904
4433.6996336996335 0.00261973177254572
4436.190476190476 0.002666458360078042
4438.681318681319 0.0037055587446558663
4441.172161172161 0.0031004174532244517
4443.663003663004 0.002769343405568316
4446.153846153847 0.0035840144950047476
4448.644688644688 0.003922502078628368
4451.135531135531 0.0035351466894701345
4453.626373626374 0.002477364680891148
4456.117216117216 0.002384641686058154
4458.608058608059 0.0028909633085812485
4461.0989010989015 0.0025164271628608354
4463.589743589744 0.002751127564665562
4466.080586080586 0.002589429702043545
4468.571428571428 0.0015871613414215429
4471.062271062271 0.0015361745677139552
4473.553113553114 0.0029034962704922473
4476.043956043956 0.002698515969996111
4478.534798534799 0.003255577799834882
4481.025641025641 0.003821407133059259
4483.516483516483 0.0032527249353510005
4486.007326007326 0.003008725563029595
4488.4981684981685 0.0026111796027551877
4490.989010989011 0.002620755916518277
4493.479853479854 0.0019508059797112584
4495.970695970696 0.0024126390843125286
4498.461538461538 0.0020120226586292627
4500.952380952381 0.002209415758685209
4503.443223443223 0.002338079340341394
4505.934065934066 0.0017430750732315467
4508.424908424909 0.0016652616283643062
4510.915750915751 0.0019601760944412817
4513.406593406594 0.00242669141647614
4515.897435897436 0.0013178676190315783
4518.388278388278 0.0015590783601152614
4520.879120879121 0.001777027854667966
4523.369963369963 0.001588516519787777
4525.860805860806 0.0015938560748989111
4528.351648351649 0.0017526721593908335
4530.842490842491 0.002179733927751967
4533.333333333333 0.0010942479100467652
4535.824175824176 0.001868228672542724
4538.315018315018 0.002290504793363913
4540.805860805861 0.0023181867363006614
4543.2967032967035 0.002275605617805832
4545.787545787546 0.002208714039523916
4548.278388278389 0.002714216989045698
4550.7692307692305 0.00215584810742355
4553.260073260073 0.0026178301092445525
4555.750915750916 0.002861451117092633
4558.241758241758 0.0021646736315984482
4560.732600732601 0.002564184075841732
4563.223443223444 0.002618130790620387
4565.714285714285 0.0016276343747025305
4568.205128205128 0.0017845731565698205
4570.695970695971 0.0011619444259682572
4573.186813186813 0.0022596137134286384
4575.677655677656 0.0013734180875742497
4578.168498168498 0.0012319144779704733
4580.659340659341 0.0023829121984816344
4583.150183150183 0.0021962866937298357
4585.641025641025 0.0019488273260624197
4588.131868131868 0.0022092645564579577
4590.622710622711 0.0031907872573315025
4593.113553113553 0.0028237269755770067
4595.604395604396 0.0026197091556980517
4598.0952380952385 0.00357859560978969
4600.58608058608 0.003384597407139685
4603.076923076923 0.0032362321055980654
4605.5677655677655 0.0022168829321912906
4608.058608058608 0.001955741411205878
4610.549450549451 0.002078834658759993
4613.040293040293 0.0022636668429579466
4615.531135531136 0.0014932848991548342
4618.021978021978 0.0020058020437241863
4620.51282051282 0.002840293193085099
4623.003663003663 0.0032659824422010034
4625.494505494506 0.0035525490306322917
4627.985347985348 0.004394311893602672
4630.476190476191 0.004206048168647107
4632.967032967033 0.004715571841257683
4635.457875457875 0.003785491600489931
4637.948717948718 0.0024646267700207786
4640.43956043956 0.0023277386379916515
4642.930402930403 0.0012779821458284765
4645.421245421246 0.002041145603516511
4647.912087912088 0.002531680530837828
4650.402930402931 0.0017138759193310784
4652.893772893773 0.00209902953728219
4655.384615384615 0.002335883305727479
4657.875457875458 0.0022293586338880352
4660.3663003663005 0.0020392102116587357
4662.857142857143 0.0020963866498377504
4665.347985347986 0.002503018482266629
4667.8388278388275 0.002594757852630898
4670.32967032967 0.00244271885616685
4672.820512820513 0.002304851663316109
4675.311355311355 0.0022357799619880246
4677.802197802198 0.0023440474421580165
4680.293040293041 0.0021013273860578767
4682.783882783883 0.002048104909950882
4685.274725274725 0.002605768180125535
4687.7655677655675 0.0024151752005691384
4690.25641025641 0.0024457018832199097
4692.747252747253 0.0023882138130323217
4695.238095238095 0.0022669104245495245
4697.728937728938 0.0020182783373971975
4700.219780219781 0.0016918073806444537
4702.710622710622 0.0021690579047131038
4705.201465201465 0.0018716241600698997
4707.692307692308 0.0017499498790470441
4710.18315018315 0.0016305361594373287
4712.673992673993 0.001595960941626823
4715.1648351648355 0.0017618055664958734
4717.655677655678 0.0020841201890517444
4720.14652014652 0.002008807466429402
4722.6373626373625 0.0020660509549201406
4725.128205128205 0.0021191328819801405
4727.619047619048 0.0022519096094066487
4730.10989010989 0.0024937638790029338
4732.600732600733 0.0021050926855359278
4735.091575091576 0.0024570556781705294
4737.582417582417 0.0023475799488235434
4740.07326007326 0.0015252594447003468
4742.5641025641025 0.001599837666001442
4745.054945054945 0.0019173231285465712
4747.545787545788 0.0021647485873936474
4750.03663003663 0.0023012036526851762
4752.527472527473 0.0021481837570791773
4755.018315018315 0.001687183738514649
4757.509157509157 0.0011318940266959584
4760.0 0.001308371732840742
4762.490842490843 0.0017253615797626493
4764.981684981685 0.0020949882066875676
4767.472527472528 0.002530483891923108
4769.96336996337 0.0024232525505079165
4772.454212454212 0.002781851879127346
4774.945054945055 0.0029940887400751975
4777.4358974358975 0.0029134621694760095
4779.92673992674 0.00269226638473158
4782.417582417583 0.0027949651038219384
4784.908424908425 0.00283733435692664
4787.399267399267 0.0025357771109262516
4789.89010989011 0.0023440681555547053
4792.380952380952 0.0021510084841006864
4794.871794871795 0.001693373330289203
4797.3626373626375 0.0017516358886018552
4799.85347985348 0.002086386955527784
4802.344322344323 0.002047849668766868
4804.8351648351645 0.0020818863015190227
4807.326007326007 0.00196859698585649
4809.81684981685 0.001785918325893897
4812.307692307692 0.0016659080529593346
4814.798534798535 0.0015308782231014827
4817.289377289378 0.001676020823341352
4819.78021978022 0.0016739640022990444
4822.271062271062 0.001654827159687189
4824.761904761905 0.002106571251792418
4827.252747252747 0.0024408544440180195
4829.74358974359 0.0029789746681289178
4832.2344322344325 0.0032453218894050455
4834.725274725275 0.0029020157159208014
4837.216117216118 0.002540891738384331
4839.706959706959 0.002458774931604397
4842.197802197802 0.002373502485779398
4844.688644688645 0.0016156555324780932
4847.179487179487 0.0017446210236388342
4849.67032967033 0.0023093971038857406
4852.1611721611725 0.0019001211272294857
4854.652014652015 0.0012197959413150568
4857.142857142857 0.0017804223193976772
4859.6336996336995 0.0016442282192767703
4862.124542124542 0.0018712031649935415
4864.615384615385 0.002180270259934248
4867.106227106227 0.0026132980085668335
4869.59706959707 0.0030362874041881347
4872.087912087912 0.0033751833259780036
4874.578754578754 0.0028847203722717645
4877.069597069597 0.0022264947373689765
4879.56043956044 0.0022143820063329667
4882.051282051282 0.002788275181510301
4884.542124542125 0.0027608854441111877
4887.0329670329675 0.002321297252464082
4889.523809523809 0.0026690496143803814
4892.014652014652 0.003643235713363681
4894.505494505494 0.0038226683474767258
4896.996336996337 0.003367945076639537
4899.48717948718 0.0023575269751310974
4901.978021978022 0.001247511093778437
4904.468864468865 0.0014050974405838638
4906.959706959707 0.00179922901080556
4909.450549450549 0.0027617065634031406
4911.941391941392 0.003371434493626956
4914.4322344322345 0.003639172222017791
4916.923076923077 0.00370238962533683
4919.41391941392 0.004157259235945299
4921.904761904762 0.003908959164985214
4924.395604395604 0.004059609686074001
4926.886446886447 0.0038524720853797753
4929.377289377289 0.0030207845912016
4931.868131868132 0.002336196413936447
4934.358974358975 0.0023354191461555235
4936.849816849817 0.0020531354002068115
4939.34065934066 0.003127570572463932
4941.831501831502 0.003223861878882773
4944.322344322344 0.003076067671622255
4946.813186813187 0.0020540745024547496
4949.304029304029 0.002041982223141462
4951.794871794872 0.0025479797478214863
4954.285714285715 0.0017550189116098726
4956.776556776556 0.0022625580714483473
4959.267399267399 0.002430209035654794
4961.758241758242 0.0020686155465879535
4964.249084249084 0.0021406174468261547
4966.739926739927 0.0014653678784368456
4969.2307692307695 0.0014833685656771977
4971.721611721612 0.0015831095886800102
4974.212454212454 0.001738632568305757
4976.7032967032965 0.0015725559333655027
4979.194139194139 0.0015905934540670498
4981.684981684982 0.001994544227193981
4984.175824175824 0.0022181473155166768
4986.666666666667 0.0022996856122323435
4989.15750915751 0.0024379574371940793
4991.648351648351 0.002555521849270345
4994.139194139194 0.002660479675753709
4996.630036630037 0.002199724673947243
4999.120879120879 0.001994936071149552
5001.611721611722 0.0016868689440795524
5004.102564102564 0.0017093651978515075
5006.593406593407 0.002377174038991787
5009.084249084249 0.003016699951077534
5011.575091575091 0.0030928361972516485
5014.065934065934 0.002462627555990885
5016.556776556777 0.0026536840484076216
5019.047619047619 0.0021671403569136698
5021.538461538462 0.0020180920062251584
5024.0293040293045 0.0019162192896522417
5026.520146520146 0.0018673877837123486
5029.010989010989 0.002092861242380646
5031.5018315018315 0.002784640419097334
5033.992673992674 0.003307543989930798
5036.483516483517 0.0028317929799289987
5038.974358974359 0.002664446657866606
5041.465201465202 0.0023656113991959893
5043.956043956044 0.0020486214176123935
5046.446886446886 0.0025112111956906422
5048.937728937729 0.002787456167368578
5051.428571428572 0.0027239051013346963
5053.919413919414 0.0022472540158994443
5056.410256410257 0.0023960516050909896
5058.9010989010985 0.0018869219991561159
5061.391941391941 0.0012983650056386782
5063.882783882784 0.0016545960111227279
5066.373626373626 0.0020925646735898266
5068.864468864469 0.0023624112493327303
5071.355311355312 0.002189336442818311
5073.846153846154 0.00210073428711556
5076.336996336996 0.0018339123016566008
5078.827838827839 0.0020761987041902487
5081.318681318681 0.0013831032131826936
5083.809523809524 0.001342668472756048
5086.3003663003665 0.0016989096479837179
5088.791208791209 0.0013992851546481943
5091.282051282052 0.0015866310195291535
5093.772893772893 0.0017433676192977615
5096.263736263736 0.0015440006024690152
