0.09 0.13 1.16 0.29 0.42 0.53 0.91 0.97 1.45 3273.5 9.6 2.3 1934.4 1703.4 10.7 161659.9 105091.5 82001.2
0.11 0.15 1.17 0.28 0.43 0.54 0.91 0.98 1.45 3730.8 11.7 1.8 2536.3 1638.9 10.7 169393.7 110502.6 86098.6
0.09 0.10 1.13 0.28 0.42 0.52 0.90 0.97 1.45 3373.8 12.9 2.5 1552.9 607.2 10.7 177301.9 115718.8 90445.7
0.10 0.14 1.16 0.29 0.46 0.56 0.93 1.01 1.47 2905.6 10.8 1.8 2633.0 542.7 10.7 185328.4 121401.5 94541.6
0.10 0.13 1.17 0.30 0.45 0.56 0.93 1.00 1.48 2559.7 11.5 1.3 1655.0 1950.6 10.7 193420.1 126767.0 98804.4
0.11 0.16 1.18 0.26 0.40 0.53 0.89 0.97 1.44 4758.8 12.3 3.9 413.8 2111.8 10.7 201009.0 132033.8 103405.5
0.08 0.12 1.16 0.30 0.39 0.48 0.89 0.93 1.42 2571.8 6.6 2.0 1585.2 1096.2 10.7 209196.7 136052.5 107304.8
0.08 0.10 1.13 0.30 0.47 0.56 0.93 1.01 1.47 2760.3 11.9 1.1 816.8 1123.1 10.7 217267.7 141987.9 111303.9
0.11 0.16 1.18 0.32 0.45 0.55 0.94 1.00 1.46 2194.3 8.0 1.4 1832.3 2009.7 10.7 225616.6 146987.4 115179.6
0.09 0.11 1.13 0.33 0.45 0.54 0.94 1.00 1.46 1910.1 7.3 1.9 419.1 827.5 10.7 234122.3 151872.7 119390.8
0.09 0.12 1.17 0.28 0.43 0.54 0.91 0.98 1.47 3435.5 10.6 2.1 650.2 1364.9 10.7 241967.4 157400.5 123578.4
0.09 0.13 1.18 0.30 0.45 0.53 0.92 0.99 1.47 2526.4 11.5 1.3 478.2 419.1 10.7 250139.4 162773.2 127315.6
0.10 0.13 1.15 0.32 0.47 0.57 0.95 1.02 1.48 1993.0 7.7 1.4 306.3 2192.4 10.7 258539.6 168200.0 131337.3
0.10 0.14 1.15 0.31 0.45 0.57 0.94 1.01 1.46 2482.8 8.7 1.5 1063.9 1864.6 10.7 266682.6 173513.1 135730.0
0.09 0.11 1.16 0.28 0.41 0.50 0.88 0.95 1.44 3804.1 12.8 1.7 1526.1 768.4 10.7 274457.2 178506.9 139743.4
0.09 0.13 1.16 0.31 0.45 0.55 0.93 1.00 1.46 2381.9 10.4 1.4 2504.0 2015.0 10.7 282658.6 183734.2 143770.0
0.08 0.10 1.11 0.32 0.44 0.52 0.92 0.98 1.44 2169.4 7.6 1.6 2654.5 1063.9 10.7 290953.0 188643.4 147680.9
0.10 0.14 1.18 0.31 0.44 0.56 0.94 1.00 1.47 2341.1 8.2 1.9 16.1 1703.4 10.7 299206.8 193719.4 151958.9
0.10 0.12 1.16 0.32 0.45 0.57 0.94 1.01 1.48 2224.3 9.4 1.8 1531.4 1644.3 10.7 307443.0 198985.7 156465.9
0.12 0.14 1.16 0.26 0.39 0.50 0.88 0.94 1.42 4558.5 12.9 2.9 1461.6 1977.4 10.7 315096.1 203966.3 160561.7
0.10 0.14 1.17 0.29 0.45 0.56 0.93 1.00 1.47 2945.7 11.0 1.8 2702.8 1493.8 10.7 323134.2 209403.0 164773.8
0.10 0.11 1.15 0.30 0.45 0.54 0.92 1.00 1.47 2697.1 10.7 1.9 2541.6 822.1 10.7 331228.6 214826.9 168879.1
0.10 0.14 1.17 0.33 0.43 0.55 0.94 0.99 1.47 1941.3 5.4 2.0 978.0 617.9 10.7 339612.7 219433.7 173322.0
0.08 0.12 1.13 0.27 0.42 0.51 0.89 0.96 1.42 3982.0 13.9 1.7 1773.2 182.7 10.7 347335.0 224890.4 177233.3
0.09 0.14 1.17 0.29 0.45 0.56 0.92 1.00 1.47 3238.7 12.0 1.8 1993.6 1542.2 10.7 355229.5 230584.8 181522.1
0.10 0.13 1.16 0.34 0.52 0.60 0.97 1.06 1.50 1750.9 8.5 0.8 1988.2 2154.8 10.7 363779.4 236586.5 185214.0
