0 29.64 -0.22 0.91 1.88 0.88 0.12 29.68 0.96 0.97 286.5 1300.7 126.9 5.4 80.6 80.6 46645336.2 31881683.3 2955371.3
0 29.64 -0.22 0.92 1.88 0.89 0.12 29.67 0.97 0.98 286.7 1273.0 122.7 5.4 80.6 80.6 46667750.5 31897053.3 2957001.8
0 29.64 -0.22 0.91 1.88 0.89 0.12 29.67 0.97 0.97 286.7 1266.1 123.5 5.4 80.6 80.6 46690146.1 31912449.5 2958535.3
0 29.63 -0.22 0.90 1.88 0.88 0.12 29.66 0.96 0.96 286.5 1292.6 122.3 5.4 80.6 80.6 46712527.0 31927766.6 2959885.9
0 29.63 -0.22 0.90 1.88 0.88 0.12 29.66 0.96 0.96 287.0 1306.3 132.9 5.4 80.6 80.6 46734938.2 31943055.5 2961527.0
0 29.64 -0.22 0.91 1.88 0.88 0.12 29.67 0.96 0.97 286.4 1291.0 126.8 5.4 80.6 80.6 46757331.0 31958367.3 2963195.7
0 29.65 -0.22 0.92 1.88 0.89 0.12 29.68 0.97 0.98 286.5 1267.5 119.0 5.4 80.6 80.6 46779750.3 31973767.9 2964728.6
0 29.65 -0.22 0.91 1.88 0.89 0.12 29.68 0.97 0.97 286.1 1270.5 124.7 5.4 80.6 80.6 46802149.8 31989155.4 2966237.1
0 29.65 -0.22 0.90 1.88 0.88 0.12 29.68 0.96 0.97 286.1 1303.4 129.8 5.4 80.6 80.6 46824539.5 32004434.4 2967666.4
0 29.64 -0.22 0.91 1.88 0.88 0.12 29.68 0.96 0.97 286.7 1296.6 124.4 5.4 80.6 80.6 46846955.1 32019741.8 2969217.2
0 29.65 -0.22 0.92 1.88 0.89 0.12 29.68 0.97 0.98 286.4 1271.2 121.7 5.4 80.6 80.6 46869348.0 32035094.5 2970859.0
0 29.65 -0.22 0.92 1.88 0.89 0.12 29.68 0.97 0.98 286.1 1265.3 123.1 5.4 80.6 80.6 46891771.0 32050491.0 2972425.4
0 29.65 -0.22 0.91 1.88 0.88 0.12 29.68 0.97 0.97 286.2 1279.6 130.7 5.4 80.6 80.6 46914168.6 32065836.4 2973941.4
0 29.65 -0.22 0.90 1.88 0.88 0.12 29.68 0.96 0.97 286.5 1304.7 126.5 5.4 80.6 80.6 46936560.4 32081109.7 2975389.4
0 29.65 -0.22 0.91 1.88 0.88 0.12 29.68 0.96 0.97 286.6 1295.2 132.7 5.4 80.6 80.6 46958978.0 32096405.4 2977041.7
0 29.65 -0.23 0.91 1.88 0.89 0.12 29.68 0.97 0.97 286.4 1270.8 126.7 5.4 80.6 80.6 46981371.5 32111750.8 2978717.0
0 29.67 -0.21 0.92 1.88 0.89 0.12 29.70 0.97 0.98 286.0 1270.5 119.7 5.4 80.6 80.6 47003800.1 32127131.8 2980252.9
0 29.67 -0.22 0.91 1.88 0.89 0.12 29.70 0.97 0.98 285.6 1273.0 124.5 5.4 80.6 80.6 47026202.5 32142502.0 2981824.2
0 29.67 -0.22 0.91 1.88 0.88 0.12 29.70 0.97 0.97 285.8 1281.3 124.4 5.4 80.6 80.6 47048610.9 32157862.0 2983197.4
0 29.68 -0.22 0.91 1.88 0.88 0.12 29.71 0.96 0.97 285.4 1291.2 128.6 5.4 80.6 80.6 47071046.7 32173180.3 2984847.4
0 29.67 -0.22 0.92 1.88 0.89 0.12 29.70 0.97 0.98 286.0 1264.7 122.7 5.4 80.6 80.6 47093448.1 32188558.3 2986476.6
0 29.66 -0.22 0.91 1.88 0.89 0.12 29.69 0.97 0.97 286.1 1261.9 119.5 5.4 80.6 80.6 47115871.9 32203971.0 2988072.0
0 29.67 -0.22 0.91 1.88 0.89 0.12 29.70 0.97 0.97 285.9 1274.3 120.4 5.4 80.6 80.6 47138271.3 32219339.3 2989587.4
0 29.67 -0.22 0.91 1.88 0.88 0.12 29.71 0.96 0.97 285.5 1304.1 127.8 5.4 80.6 80.6 47160685.0 32234622.8 2991027.9
0 29.68 -0.21 0.91 1.88 0.88 0.12 29.71 0.96 0.97 285.6 1286.9 122.7 5.4 80.6 80.6 47183120.5 32249940.9 2992652.4
0 29.68 -0.22 0.92 1.88 0.89 0.12 29.71 0.97 0.98 286.0 1267.3 125.1 5.4 80.6 80.6 47205526.6 32265302.3 2994310.8
0 29.67 -0.21 0.92 1.88 0.89 0.12 29.70 0.97 0.98 285.6 1266.4 122.6 5.4 80.6 80.6 47227959.8 32280699.4 2995916.3
0 29.68 -0.22 0.91 1.88 0.88 0.12 29.71 0.96 0.97 285.3 1282.8 117.2 5.4 80.6 80.6 47250362.0 32296032.7 2997356.6
0 29.68 -0.21 0.91 1.88 0.88 0.12 29.72 0.96 0.97 285.6 1305.6 127.7 5.4 80.6 80.6 47272781.4 32311312.3 2998815.5
0 29.67 -0.22 0.91 1.88 0.88 0.12 29.70 0.96 0.97 285.6 1295.9 129.9 5.4 80.6 80.6 47295211.4 32326604.7 3000466.7
0 29.68 -0.22 0.92 1.88 0.89 0.12 29.71 0.97 0.98 285.9 1263.0 123.6 5.4 80.6 80.6 47317621.9 32341991.8 3002143.1
0 29.68 -0.21 0.92 1.88 0.89 0.12 29.72 0.97 0.98 285.4 1258.5 120.3 5.4 80.6 80.6 47340059.1 32357416.7 3003723.4
0 29.67 -0.22 0.91 1.88 0.88 0.12 29.71 0.96 0.97 285.2 1289.4 132.6 5.4 80.6 80.6 47362458.5 32372718.3 3005220.0
0 29.65 -0.22 0.90 1.88 0.87 0.12 29.69 0.96 0.96 285.8 1307.7 128.9 5.4 80.6 80.6 47384870.3 32387987.0 3006678.5
0 29.68 -0.22 0.91 1.88 0.89 0.12 29.71 0.97 0.98 285.9 1275.5 122.7 5.4 80.6 80.6 47407300.4 32403344.3 3008295.1
0 29.68 -0.22 0.92 1.88 0.89 0.12 29.72 0.97 0.98 285.6 1269.2 125.7 5.4 80.6 80.6 47429720.2 32418720.5 3009970.7
0 29.69 -0.22 0.92 1.88 0.89 0.12 29.72 0.97 0.98 285.6 1253.2 123.8 5.4 80.6 80.6 47452155.0 32434175.3 3011516.7
0 29.68 -0.22 0.91 1.88 0.88 0.12 29.71 0.97 0.97 285.3 1280.2 129.3 5.4 80.6 80.6 47474552.1 32449521.4 3013026.9
0 29.68 -0.22 0.91 1.88 0.88 0.12 29.71 0.96 0.97 285.9 1294.3 125.0 5.4 80.6 80.6 47496973.7 32464842.8 3014486.4
0 29.69 -0.22 0.91 1.88 0.88 0.12 29.72 0.97 0.97 285.4 1280.6 130.0 5.4 80.6 80.6 47519407.0 32480179.8 3016187.0
0 29.68 -0.22 0.92 1.88 0.89 0.12 29.72 0.97 0.98 285.7 1259.0 122.3 5.4 80.6 80.6 47541829.3 32495578.9 3017783.5
0 29.69 -0.21 0.92 1.88 0.89 0.12 29.72 0.97 0.98 285.5 1270.2 121.1 5.4 80.6 80.6 47564264.7 32510969.4 3019330.5
0 29.67 -0.22 0.90 1.88 0.89 0.12 29.70 0.97 0.97 285.4 1273.7 125.1 5.4 80.6 80.6 47586658.6 32526325.2 3020788.3
0 29.68 -0.22 0.90 1.88 0.88 0.12 29.71 0.96 0.96 285.9 1291.5 128.7 5.4 80.6 80.6 47609081.7 32541648.8 3022300.5
0 29.68 -0.22 0.91 1.88 0.89 0.12 29.71 0.97 0.97 285.6 1277.1 127.6 5.4 80.6 80.6 47631509.7 32556992.7 3023997.7
